-0.31,0.01,0.49,334.342,110.221,331.855,1412500
0.02,0.38,-0.07,250.376,220.896,49.074,1412501
0.31,0.08,0.02,4.113,243.703,70.328,1412502
0.2,-0.42,-0.12,139.17,248.733,300.723,1412503
0.45,0.27,0.38,305.277,99.381,332.715,1412504
0.02,0.37,-0.07,89.833,348.424,156.097,1412505
0.3,-0.36,0.49,86.218,330.911,161.5,1412506
0.33,0.27,0.24,212.586,13.567,258.413,1412507
-0.44,0.34,-0.49,78.343,274.131,319.68,1412508
0.31,0.34,0.36,218.052,25.431,287.922,1412509
0.01,0.42,0.06,232.701,293.027,338.981,1412510
-0.1,-0.31,-0.47,289.056,28.12,293.58,1412511
0.3,-0.18,-0.35,146.553,174.331,262.587,1412512
0.06,0.38,-0.04,251.291,101.202,235.137,1412513
0.23,-0.11,-0.05,264.266,27.127,319.253,1412514
-0.18,-0.16,0.1,339.201,315.787,202.762,1412515
0.39,-0.27,-0.09,14.271,315.288,132.217,1412516
0.16,-0.23,0.5,117.93,346.955,138.775,1412517
0.04,0.29,-0.31,135.557,294.816,127.296,1412518
0.1,0.41,-0.46,317.43,317.737,268.016,1412519
0.45,-0.04,-0.08,327.494,23.959,330.554,1412520
0.07,-0.24,0.29,35.176,188.81,171.21,1412521
-0.28,0.0,-0.07,48.793,136.304,109.178,1412522
0.45,-0.43,0.37,214.823,298.24,245.575,1412523
0.21,0.28,0.47,206.172,66.72,286.977,1412524
0.1,0.48,-0.1,120.332,231.617,260.758,1412525
0.31,0.22,-0.34,103.608,153.391,197.201,1412526
0.38,0.08,0.22,357.461,281.677,177.878,1412527
-0.44,0.04,-0.2,229.345,303.978,208.95,1412528
0.2,0.16,-0.0,63.274,297.745,133.884,1412529
-0.39,0.42,-0.09,215.055,162.603,217.743,1412530
0.06,0.23,0.48,196.511,82.023,77.472,1412531
-0.34,0.02,0.5,335.243,18.363,33.933,1412532
0.3,0.26,0.48,97.612,25.338,151.974,1412533
0.31,0.18,0.19,137.459,263.826,111.882,1412534
0.16,-0.5,-0.13,339.511,16.631,301.592,1412535
0.24,0.47,-0.18,236.797,203.766,49.851,1412536
-0.4,0.18,-0.06,228.441,103.677,17.039,1412537
-0.42,0.09,0.31,47.045,225.846,115.391,1412538
-0.2,-0.42,-0.26,150.697,357.898,16.934,1412539
-0.49,-0.28,0.14,325.98,110.259,340.585,1412540
0.3,0.11,0.33,354.261,66.662,162.069,1412541
0.23,-0.15,0.39,92.46,184.649,210.543,1412542
-0.45,0.3,-0.08,69.428,3.93,162.187,1412543
-0.02,0.31,0.42,2.093,63.503,199.432,1412544
0.04,-0.5,0.1,150.208,121.846,224.885,1412545
0.21,0.35,-0.21,70.53,69.128,163.579,1412546
-0.43,0.14,0.21,124.949,343.117,210.333,1412547
0.19,0.12,0.36,347.028,234.318,17.135,1412548
0.41,-0.11,-0.21,235.686,16.657,157.19,1412549
-0.3,-0.28,0.45,5.354,263.221,78.592,1412550
-0.24,-0.5,0.2,317.581,357.062,12.479,1412551
0.18,-0.2,-0.28,352.197,315.822,342.269,1412552
0.15,0.29,0.13,212.705,237.088,250.578,1412553
-0.18,0.22,0.23,241.285,305.217,72.032,1412554
-0.25,0.18,-0.39,195.888,202.37,239.569,1412555
0.16,0.26,-0.48,41.185,271.96,97.038,1412556
-0.12,0.41,0.33,84.208,162.188,207.492,1412557
0.28,0.2,0.05,311.898,329.57,288.942,1412558
0.36,0.07,-0.37,158.342,63.877,304.553,1412559
0.17,0.35,-0.18,212.105,358.104,217.972,1412560
-0.03,0.01,0.35,329.378,226.59,43.25,1412561
0.25,0.22,0.24,32.326,25.268,348.239,1412562
-0.13,-0.3,-0.19,341.7,328.368,283.853,1412563
-0.39,-0.18,0.13,204.439,85.443,353.889,1412564
0.11,0.32,0.18,223.471,151.567,184.383,1412565
0.33,-0.34,0.45,26.299,270.004,128.726,1412566
0.5,0.48,-0.21,85.65,16.411,222.067,1412567
0.37,0.21,0.48,212.921,108.162,60.44,1412568
0.18,0.25,-0.35,208.634,150.832,124.031,1412569
0.39,-0.39,0.16,356.42,170.992,346.638,1412570
-0.22,-0.41,-0.37,47.76,193.89,251.654,1412571
0.48,0.49,0.27,143.071,37.475,56.495,1412572
-0.29,0.12,-0.15,240.962,159.596,289.708,1412573
-0.13,0.22,0.21,294.381,167.321,211.175,1412574
0.06,-0.17,-0.24,190.599,209.277,37.839,1412575
0.49,-0.46,0.33,268.7,148.247,309.687,1412576
0.42,0.45,-0.25,11.491,329.751,108.382,1412577
0.21,0.06,-0.11,27.139,180.178,270.98,1412578
0.18,-0.31,0.07,257.623,0.621,81.093,1412579
-0.15,-0.25,0.44,259.758,77.676,140.643,1412580
-0.18,-0.13,-0.34,243.472,79.133,220.146,1412581
-0.28,0.06,-0.06,143.784,300.086,57.189,1412582
-0.25,0.06,0.12,303.36,126.244,199.545,1412583
0.24,-0.35,-0.09,174.846,182.242,80.887,1412584
0.25,0.27,-0.16,93.868,32.187,91.412,1412585
-0.36,0.16,0.41,46.209,202.939,282.135,1412586
0.45,0.26,0.18,59.926,73.387,260.333,1412587
-0.01,-0.44,-0.32,220.165,191.738,160.122,1412588
-0.38,-0.32,0.13,162.079,190.921,261.34,1412589
0.09,-0.44,0.1,164.038,319.316,19.342,1412590
-0.44,0.38,-0.37,312.48,142.776,241.322,1412591
0.04,0.25,-0.14,320.2,278.034,9.115,1412592
0.39,-0.04,-0.28,316.545,314.371,326.564,1412593
-0.39,-0.45,-0.33,264.888,234.394,286.602,1412594
0.22,-0.46,0.4,329.581,66.395,103.619,1412595
0.43,-0.49,0.19,53.943,58.881,48.886,1412596
-0.09,0.29,-0.05,285.621,323.323,126.942,1412597
0.02,0.46,-0.29,152.826,232.036,148.904,1412598
-0.06,-0.01,-0.26,79.074,128.525,23.399,1412599
0.26,-0.3,-0.07,25.899,263.846,59.041,1412600
-0.49,0.33,-0.16,346.752,257.648,277.845,1412601
0.1,-0.06,-0.11,132.24,229.672,302.2,1412602
-0.27,0.42,0.36,145.708,110.582,283.176,1412603
0.49,-0.22,-0.12,274.067,187.964,292.505,1412604
-0.44,0.0,-0.47,3.793,33.909,35.165,1412605
-0.11,-0.25,0.3,1.77,291.156,282.375,1412606
-0.14,0.22,0.27,80.842,99.691,173.256,1412607
-0.34,-0.38,0.21,167.882,161.928,294.738,1412608
0.34,0.25,0.21,168.452,326.891,326.316,1412609
0.29,-0.48,0.2,82.035,344.185,188.573,1412610
0.36,-0.09,0.13,351.782,27.859,325.635,1412611
0.4,-0.2,0.46,81.069,186.847,187.097,1412612
0.11,0.18,-0.34,172.481,240.321,12.374,1412613
0.3,-0.24,0.44,353.705,339.709,203.857,1412614
-0.37,-0.01,-0.36,103.864,355.886,64.604,1412615
0.16,-0.41,0.49,36.47,42.538,152.389,1412616
-0.08,-0.3,0.35,225.286,50.652,295.76,1412617
0.49,0.08,0.34,55.636,10.708,295.589,1412618
0.46,-0.39,0.41,90.019,212.263,244.454,1412619
0.07,-0.38,-0.05,335.11,116.118,197.9,1412620
-0.25,0.38,-0.3,163.492,260.141,56.769,1412621
-0.03,-0.0,0.46,208.992,135.52,291.081,1412622
-0.48,-0.21,-0.25,305.163,251.528,211.74,1412623
-0.31,-0.08,0.01,271.052,77.778,78.339,1412624
-0.04,0.04,-0.03,200.673,339.856,339.054,1412625
-0.13,0.13,0.46,191.058,177.786,88.933,1412626
-0.31,0.11,-0.32,20.655,128.021,173.071,1412627
0.17,-0.07,-0.16,100.56,107.277,247.719,1412628
-0.42,-0.25,-0.21,128.915,254.177,246.141,1412629
0.18,0.45,-0.25,199.861,1.377,51.471,1412630
-0.37,0.16,-0.16,89.128,151.53,310.381,1412631
0.05,-0.32,-0.49,80.965,293.727,267.993,1412632
-0.06,-0.47,0.18,110.693,131.724,49.052,1412633
0.07,-0.13,-0.13,89.53,353.774,164.228,1412634
-0.0,-0.14,-0.45,270.49,295.197,315.053,1412635
-0.2,0.22,-0.3,201.751,3.461,327.179,1412636
0.4,-0.02,-0.47,129.957,117.548,265.424,1412637
-0.44,-0.03,0.38,174.804,242.149,111.591,1412638
0.18,0.18,-0.4,272.248,183.621,264.954,1412639
0.2,-0.19,-0.22,261.111,226.706,10.212,1412640
-0.4,-0.11,-0.33,63.179,35.324,170.097,1412641
0.06,-0.44,-0.03,291.997,173.981,109.315,1412642
0.02,-0.39,-0.1,8.244,99.763,322.804,1412643
0.09,-0.43,-0.18,330.516,288.942,173.919,1412644
0.16,-0.26,-0.33,191.649,35.514,76.056,1412645
0.05,-0.02,0.24,317.288,326.294,209.638,1412646
-0.06,0.23,0.16,20.553,99.041,124.849,1412647
-0.18,-0.44,0.28,310.511,9.654,200.569,1412648
-0.27,0.49,0.37,226.275,77.438,108.248,1412649
0.36,0.22,-0.07,14.199,260.042,270.396,1412650
0.11,-0.25,-0.39,257.225,163.75,255.234,1412651
-0.29,-0.12,0.29,336.368,349.645,70.711,1412652
0.01,-0.12,-0.03,33.132,349.487,263.506,1412653
-0.18,0.36,0.15,330.323,83.856,214.971,1412654
0.26,-0.18,-0.06,141.441,109.912,277.761,1412655
0.26,-0.25,0.12,354.884,353.454,342.566,1412656
0.26,-0.17,0.35,354.344,119.623,9.302,1412657
0.34,-0.07,-0.21,112.015,293.654,213.379,1412658
-0.12,0.36,-0.1,303.424,95.607,39.077,1412659
-0.29,-0.06,-0.04,0.135,275.825,98.536,1412660
0.43,-0.16,-0.46,63.759,150.359,108.896,1412661
-0.33,0.05,0.26,324.48,70.82,338.202,1412662
0.15,0.39,0.27,101.188,179.325,152.552,1412663
0.27,0.18,0.29,95.986,3.075,130.908,1412664
0.36,-0.31,-0.39,218.786,279.517,188.27,1412665
-0.34,0.09,-0.42,59.321,121.767,319.172,1412666
-0.01,-0.44,-0.48,204.463,287.79,345.351,1412667
-0.09,0.07,0.04,314.065,233.829,83.528,1412668
-0.26,0.4,-0.33,142.066,201.888,27.964,1412669
0.28,-0.19,-0.17,42.586,299.012,35.063,1412670
-0.14,0.25,-0.28,76.601,26.732,122.298,1412671
0.0,0.15,0.17,106.278,316.168,295.434,1412672
0.21,0.05,0.44,52.492,15.75,33.734,1412673
0.33,0.29,-0.42,226.631,200.704,303.087,1412674
0.02,0.25,0.47,133.151,308.721,272.936,1412675
0.4,0.05,0.33,247.688,243.499,124.604,1412676
0.16,-0.09,-0.46,183.038,167.693,241.23,1412677
-0.48,0.04,-0.48,255.838,249.128,294.121,1412678
-0.44,-0.02,0.49,63.394,56.355,305.834,1412679
0.33,0.3,0.08,125.936,125.678,275.723,1412680
-0.47,-0.4,-0.25,269.76,329.392,180.685,1412681
0.41,0.04,0.4,60.933,193.439,193.232,1412682
0.33,0.32,0.37,49.31,22.147,341.328,1412683
-0.43,0.18,-0.5,210.489,297.138,206.233,1412684
0.41,0.13,-0.16,266.733,210.729,36.406,1412685
-0.47,-0.29,0.01,147.358,198.9,71.473,1412686
0.27,0.03,-0.34,2.572,131.828,212.119,1412687
0.13,-0.16,0.39,2.376,253.096,185.339,1412688
0.23,-0.08,-0.45,208.1,58.036,266.366,1412689
0.19,0.5,-0.19,40.798,214.376,99.718,1412690
0.02,-0.15,0.44,23.796,63.433,200.154,1412691
0.13,-0.4,0.07,51.641,298.101,331.257,1412692
0.43,-0.46,-0.4,291.808,122.306,125.699,1412693
0.19,-0.0,0.45,301.062,44.022,312.943,1412694
0.12,-0.41,-0.25,309.523,155.004,66.603,1412695
-0.4,-0.29,-0.04,12.885,33.681,354.551,1412696
-0.07,0.21,0.06,181.499,41.785,14.019,1412697
0.46,-0.24,-0.26,196.739,171.237,247.832,1412698
0.35,0.01,-0.03,195.401,149.1,35.866,1412699
-0.29,-0.46,0.19,264.318,123.423,28.276,1412700
0.17,0.24,-0.29,120.969,318.406,168.496,1412701
-0.38,-0.04,-0.24,8.719,208.953,259.509,1412702
-0.48,0.35,-0.05,147.41,18.766,227.63,1412703
0.5,-0.28,-0.08,218.771,78.901,316.401,1412704
0.44,-0.4,0.47,275.496,8.706,147.656,1412705
-0.45,0.25,-0.38,120.399,46.159,162.52,1412706
-0.38,-0.22,-0.01,9.344,55.948,262.587,1412707
0.16,-0.41,-0.44,9.563,165.569,103.833,1412708
0.15,-0.3,-0.1,181.239,303.49,198.021,1412709
0.26,-0.19,0.19,139.515,134.547,223.895,1412710
0.48,0.34,0.28,288.755,297.811,340.274,1412711
0.24,0.15,0.35,64.757,176.403,206.468,1412712
0.09,-0.04,-0.28,251.545,358.347,61.446,1412713
0.28,0.03,-0.0,147.593,119.942,171.048,1412714
0.15,0.32,-0.27,208.419,201.558,137.786,1412715
-0.14,0.2,-0.42,170.629,167.946,90.397,1412716
-0.37,-0.12,-0.08,20.23,232.762,325.228,1412717
0.47,-0.25,-0.31,120.516,49.742,134.909,1412718
0.34,-0.2,0.15,22.631,220.385,263.091,1412719
0.46,-0.21,-0.07,70.771,41.289,310.22,1412720
0.37,-0.17,0.28,126.763,358.595,206.729,1412721
-0.33,-0.34,0.38,124.2,319.767,206.966,1412722
-0.36,0.29,-0.12,274.313,197.69,130.292,1412723
0.43,0.11,-0.35,304.223,143.879,152.399,1412724
-0.3,0.42,-0.44,62.837,270.94,39.71,1412725
0.4,0.44,0.1,166.853,75.425,338.304,1412726
-0.44,-0.03,-0.48,131.265,45.148,285.719,1412727
0.07,0.43,-0.48,202.048,320.743,67.429,1412728
-0.21,-0.09,0.13,252.728,289.518,159.443,1412729
0.5,0.49,-0.39,324.155,236.155,323.719,1412730
-0.06,0.36,0.34,91.162,301.33,70.939,1412731
0.14,-0.46,-0.24,126.567,269.429,28.906,1412732
-0.06,0.19,-0.44,164.628,100.49,206.724,1412733
-0.23,0.05,-0.47,351.084,247.697,94.139,1412734
0.16,0.34,0.18,275.026,253.477,169.705,1412735
-0.3,-0.15,0.24,336.172,26.224,192.296,1412736
-0.27,0.16,-0.04,182.735,86.809,260.628,1412737
-0.03,-0.13,0.15,104.25,78.897,170.319,1412738
0.36,0.31,-0.11,201.022,140.821,165.86,1412739
-0.01,-0.37,-0.28,174.912,184.254,257.234,1412740
-0.35,0.24,0.34,175.406,246.583,153.585,1412741
-0.03,0.16,-0.06,64.939,109.214,37.68,1412742
0.27,0.12,-0.12,113.338,39.746,8.474,1412743
-0.02,-0.25,-0.2,264.297,31.464,330.983,1412744
0.3,-0.31,0.4,229.065,214.534,195.581,1412745
-0.34,-0.08,-0.4,156.377,87.357,304.341,1412746
0.03,-0.32,-0.27,120.344,205.788,105.582,1412747
0.33,0.49,0.5,327.693,187.531,37.513,1412748
-0.06,0.34,-0.18,242.219,250.219,118.265,1412749
-0.15,-0.39,0.44,257.866,48.275,227.747,1412750
0.03,-0.01,0.17,132.104,345.083,311.219,1412751
0.08,0.24,0.04,58.883,4.893,355.519,1412752
0.0,0.36,0.5,250.12,306.104,171.121,1412753
0.13,0.41,0.4,133.632,268.877,122.105,1412754
-0.42,-0.1,-0.06,181.503,94.898,246.554,1412755
-0.38,0.49,0.39,127.892,59.04,189.518,1412756
0.45,0.39,0.05,274.862,255.73,200.318,1412757
0.17,-0.23,-0.44,256.047,329.168,283.301,1412758
0.17,0.41,-0.41,275.046,139.091,71.345,1412759
-0.19,-0.4,0.46,81.944,262.518,216.862,1412760
0.49,-0.17,-0.09,315.552,25.761,301.729,1412761
-0.44,0.35,0.09,111.52,145.272,322.408,1412762
0.05,-0.19,-0.26,103.653,307.749,262.828,1412763
-0.29,0.47,-0.3,101.117,48.459,259.75,1412764
-0.45,-0.18,0.44,192.283,286.39,46.352,1412765
0.07,-0.49,0.33,233.997,181.673,320.272,1412766
0.15,0.09,0.42,296.431,316.533,174.287,1412767
0.13,0.2,-0.15,317.643,100.465,307.298,1412768
-0.36,0.42,0.41,60.573,308.384,257.924,1412769
0.02,0.38,0.04,153.264,186.072,343.585,1412770
-0.13,0.08,0.08,105.85,137.607,147.072,1412771
-0.47,0.21,-0.18,223.65,326.56,183.982,1412772
-0.4,0.12,0.48,274.633,95.763,227.903,1412773
0.27,-0.13,0.2,201.439,296.265,307.682,1412774
-0.44,-0.22,0.45,223.372,172.432,341.263,1412775
-0.09,0.13,0.39,274.515,28.911,339.529,1412776
-0.44,-0.14,0.18,62.5,11.791,33.668,1412777
0.14,0.32,0.34,108.898,311.43,266.374,1412778
-0.34,0.03,0.13,136.301,322.98,180.673,1412779
-0.35,-0.06,-0.1,108.273,223.492,244.656,1412780
-0.45,-0.47,0.34,179.42,139.137,213.57,1412781
0.45,-0.06,-0.01,263.945,216.556,272.698,1412782
0.36,-0.45,-0.47,323.981,13.678,234.407,1412783
-0.21,-0.32,0.09,235.984,132.769,0.326,1412784
0.21,0.23,0.24,211.679,190.082,91.648,1412785
0.34,-0.06,-0.11,115.826,283.065,341.578,1412786
-0.29,-0.26,-0.42,78.28,196.616,8.226,1412787
-0.14,-0.42,-0.34,318.137,243.988,69.71,1412788
0.05,-0.42,-0.2,218.588,285.378,15.524,1412789
0.39,0.01,-0.14,227.038,298.8,7.459,1412790
0.32,0.35,0.05,71.882,309.387,272.194,1412791
0.03,-0.16,0.17,215.733,331.064,132.429,1412792
0.21,-0.45,-0.11,82.411,76.921,63.669,1412793
0.11,-0.25,0.14,161.977,73.681,252.374,1412794
-0.1,-0.38,0.44,50.677,339.68,127.102,1412795
-0.18,0.49,0.06,270.9,243.887,209.292,1412796
0.07,-0.16,0.38,303.92,138.292,63.243,1412797
0.16,0.44,0.01,105.184,56.943,205.887,1412798
0.12,0.48,-0.36,206.225,301.201,138.166,1412799
0.04,-0.28,-0.44,271.437,207.904,162.123,1412800
0.45,0.34,-0.21,292.43,39.969,153.617,1412801
-0.35,0.41,-0.02,219.642,275.028,61.746,1412802
0.31,0.47,-0.38,49.963,357.44,339.518,1412803
0.08,0.24,0.1,55.65,79.644,48.205,1412804
0.4,-0.35,-0.19,85.763,24.812,92.608,1412805
-0.29,0.18,0.49,343.578,329.704,187.43,1412806
0.22,-0.37,0.25,263.88,4.021,0.709,1412807
-0.2,0.39,0.03,245.191,9.192,6.785,1412808
-0.42,0.01,0.39,16.372,44.665,173.063,1412809
0.21,-0.09,-0.13,58.912,60.93,335.365,1412810
-0.47,0.43,-0.07,264.177,179.296,188.533,1412811
0.08,0.48,-0.34,234.094,8.211,152.653,1412812
0.06,-0.36,-0.31,314.954,38.765,68.319,1412813
0.05,0.24,0.32,307.386,20.614,176.109,1412814
0.31,0.13,0.37,346.612,278.485,3.496,1412815
0.42,-0.18,0.34,24.024,218.706,181.152,1412816
0.13,-0.03,0.46,40.684,285.74,272.645,1412817
0.14,0.02,0.22,348.573,260.724,304.892,1412818
0.13,-0.13,-0.33,337.378,16.114,306.006,1412819
-0.1,0.22,-0.06,103.738,185.122,197.045,1412820
-0.32,-0.29,0.46,12.868,132.991,155.963,1412821
-0.33,-0.06,-0.18,295.887,114.941,185.694,1412822
0.35,-0.11,-0.36,122.007,153.991,188.184,1412823
-0.06,-0.04,-0.3,332.822,34.087,194.071,1412824
0.16,-0.48,0.22,19.011,285.301,76.375,1412825
-0.41,0.1,0.22,210.273,273.312,326.249,1412826
0.35,0.33,-0.38,203.501,43.139,284.239,1412827
-0.5,-0.02,-0.26,235.081,34.33,116.037,1412828
0.33,0.06,0.09,163.433,107.576,159.004,1412829
-0.47,-0.45,-0.35,27.804,60.909,159.623,1412830
-0.19,0.36,0.0,256.295,255.034,210.565,1412831
0.18,-0.34,-0.15,299.143,168.65,232.524,1412832
-0.1,0.28,-0.38,200.374,160.012,217.947,1412833
-0.04,0.15,-0.35,14.532,347.406,20.206,1412834
0.22,0.16,0.41,59.792,61.888,126.451,1412835
-0.06,-0.19,0.08,310.261,76.654,135.241,1412836
-0.31,0.48,-0.5,81.354,180.906,155.433,1412837
-0.0,-0.27,0.28,285.607,175.947,67.176,1412838
-0.23,0.32,0.1,121.377,57.156,30.159,1412839
-0.29,-0.19,-0.37,235.844,305.403,57.931,1412840
0.3,-0.35,0.47,206.042,60.545,160.872,1412841
-0.38,-0.08,-0.33,40.056,222.229,7.906,1412842
0.45,0.28,-0.0,338.476,254.425,246.806,1412843
-0.47,0.15,-0.47,158.259,187.656,179.435,1412844
-0.24,0.12,-0.04,82.73,271.571,125.88,1412845
0.37,-0.08,-0.09,103.141,137.559,15.052,1412846
0.02,-0.36,-0.14,199.543,198.97,72.977,1412847
-0.23,-0.21,0.29,56.153,226.885,72.746,1412848
0.43,0.13,0.09,233.111,75.21,301.435,1412849
0.41,0.19,0.01,345.418,77.655,186.591,1412850
-0.35,-0.02,-0.21,135.067,59.49,192.417,1412851
-0.14,-0.33,0.1,75.759,305.327,122.54,1412852
-0.22,0.15,0.01,309.771,106.191,141.886,1412853
0.03,-0.48,0.5,238.88,238.347,158.263,1412854
0.23,0.11,-0.17,163.978,4.475,86.888,1412855
0.28,-0.12,0.43,40.79,343.861,219.892,1412856
0.25,-0.35,-0.26,4.245,306.783,206.101,1412857
0.31,-0.17,-0.46,314.538,325.052,108.869,1412858
-0.22,-0.0,-0.21,186.006,200.684,335.238,1412859
-0.24,0.14,-0.46,301.534,47.842,226.83,1412860
0.18,0.24,0.23,65.909,62.766,171.003,1412861
-0.42,-0.46,0.3,232.196,186.268,199.4,1412862
-0.05,0.34,0.31,35.661,201.503,331.573,1412863
-0.34,-0.09,0.24,326.575,104.843,342.732,1412864
-0.25,0.18,0.06,349.337,245.581,198.748,1412865
0.01,-0.19,-0.44,35.609,128.037,259.049,1412866
0.18,0.05,0.21,322.935,119.26,84.222,1412867
-0.04,-0.16,-0.39,245.059,198.997,118.047,1412868
-0.2,-0.01,-0.29,176.372,196.273,302.093,1412869
-0.12,-0.39,0.16,85.535,232.284,312.876,1412870
-0.25,-0.42,-0.26,314.835,160.259,94.815,1412871
0.48,0.43,0.04,39.861,80.249,319.894,1412872
-0.39,-0.25,0.02,290.096,74.368,352.55,1412873
-0.11,0.41,0.11,245.536,323.238,130.833,1412874
-0.02,-0.47,-0.13,89.369,299.577,89.137,1412875
-0.44,0.19,0.0,212.628,303.36,208.813,1412876
0.09,0.3,-0.4,48.092,114.971,157.592,1412877
-0.04,-0.48,0.37,75.702,150.791,93.967,1412878
-0.1,0.32,-0.15,198.965,347.456,80.618,1412879
0.43,-0.14,0.07,186.078,239.68,323.648,1412880
-0.23,0.16,0.22,234.001,36.456,317.131,1412881
-0.44,0.46,0.27,347.99,118.458,95.855,1412882
0.45,0.45,0.45,78.852,8.199,64.22,1412883
0.15,0.45,0.12,120.707,198.327,34.798,1412884
0.07,0.08,-0.1,301.233,42.169,272.392,1412885
-0.36,0.28,-0.04,137.778,56.672,61.464,1412886
0.12,-0.21,-0.44,2.084,57.246,110.734,1412887
-0.28,-0.27,0.11,146.046,136.622,88.261,1412888
-0.04,0.45,0.05,88.075,241.141,137.074,1412889
-0.08,0.41,0.07,94.937,291.643,189.187,1412890
-0.22,0.3,-0.22,67.644,235.085,211.646,1412891
0.32,-0.22,0.22,249.209,109.371,17.882,1412892
0.29,-0.48,-0.08,97.294,275.613,21.698,1412893
0.16,0.39,-0.2,248.256,348.411,36.888,1412894
-0.14,-0.27,0.37,185.268,302.699,288.547,1412895
0.27,0.22,-0.27,299.621,160.933,339.441,1412896
-0.05,-0.13,-0.34,220.451,324.199,255.281,1412897
0.23,-0.14,-0.07,12.846,225.617,298.415,1412898
-0.06,0.46,-0.37,96.213,183.185,155.97,1412899
-0.28,0.21,0.3,64.29,102.536,77.743,1412900
-0.2,0.26,0.23,225.185,185.994,207.942,1412901
0.12,0.35,0.08,109.302,8.592,217.263,1412902
-0.26,-0.03,0.42,56.45,166.08,248.283,1412903
0.21,0.03,-0.19,120.342,341.46,255.41,1412904
-0.29,-0.27,0.09,254.761,206.977,73.954,1412905
-0.32,-0.4,-0.28,324.657,203.078,97.881,1412906
0.09,0.45,0.03,173.349,274.466,208.036,1412907
-0.23,-0.46,-0.22,203.649,243.996,280.681,1412908
-0.2,-0.37,0.36,113.86,28.713,164.425,1412909
-0.22,0.24,0.38,21.288,140.912,6.632,1412910
0.41,0.35,0.46,144.043,73.84,238.626,1412911
-0.13,0.1,-0.47,147.152,199.353,196.804,1412912
-0.47,-0.32,0.24,264.119,238.702,122.67,1412913
-0.48,0.26,-0.39,125.093,285.09,301.382,1412914
0.4,0.02,0.18,51.292,22.055,237.135,1412915
0.41,-0.12,0.31,182.856,203.808,219.053,1412916
-0.1,0.31,0.42,246.508,209.126,348.001,1412917
-0.17,-0.34,0.01,48.738,2.607,350.019,1412918
0.14,0.23,-0.34,56.185,36.18,211.162,1412919
-0.07,0.36,-0.25,140.415,283.847,105.979,1412920
-0.16,0.16,-0.16,177.725,96.82,71.518,1412921
0.01,0.03,-0.22,196.976,219.879,301.612,1412922
-0.46,-0.41,0.36,292.869,52.528,321.085,1412923
0.22,0.12,-0.2,351.252,5.977,64.434,1412924
0.11,0.1,0.47,321.881,49.018,163.0,1412925
0.17,0.45,0.23,224.615,258.186,344.964,1412926
0.01,-0.45,0.07,253.44,3.508,95.061,1412927
0.38,0.43,0.03,68.19,147.46,309.511,1412928
-0.13,0.27,0.12,350.298,345.743,253.131,1412929
0.37,-0.14,0.26,234.115,182.75,245.728,1412930
-0.22,-0.09,0.43,356.036,84.618,303.57,1412931
0.16,-0.49,0.19,258.65,244.474,296.853,1412932
0.32,-0.18,0.26,177.292,271.527,191.706,1412933
0.34,-0.1,0.08,116.022,264.068,215.415,1412934
0.14,-0.0,0.24,326.021,282.602,303.593,1412935
-0.3,0.19,-0.07,10.726,216.338,355.162,1412936
-0.13,0.19,0.17,238.203,78.706,213.659,1412937
-0.42,-0.37,-0.5,315.963,353.826,170.185,1412938
0.04,-0.39,-0.24,290.416,155.574,8.323,1412939
0.49,-0.29,-0.29,157.296,245.435,34.866,1412940
0.4,0.41,0.09,149.082,286.593,51.263,1412941
-0.03,0.23,0.01,61.113,274.208,228.825,1412942
0.38,-0.32,-0.35,307.287,89.327,245.435,1412943
-0.34,0.04,-0.29,323.979,103.128,163.151,1412944
-0.03,-0.44,0.43,63.52,208.809,346.401,1412945
-0.1,0.31,-0.26,290.237,78.322,79.268,1412946
0.35,0.22,0.18,65.393,350.765,62.745,1412947
-0.03,-0.44,-0.36,71.189,307.602,207.471,1412948
0.43,-0.38,-0.37,85.775,43.222,43.88,1412949
-0.07,-0.43,-0.08,284.383,23.763,45.32,1412950
0.15,-0.41,0.34,186.18,2.504,302.043,1412951
-0.23,-0.4,0.44,166.286,146.588,333.532,1412952
-0.31,-0.44,0.25,15.443,118.081,241.672,1412953
-0.2,0.17,0.24,188.714,133.283,43.498,1412954
-0.4,0.27,0.09,262.763,116.181,111.127,1412955
0.02,-0.45,0.27,158.879,46.222,4.934,1412956
0.42,-0.17,-0.0,285.213,174.563,201.792,1412957
-0.24,-0.26,-0.09,248.665,12.365,243.849,1412958
0.44,-0.41,0.04,180.313,266.405,103.48,1412959
0.1,-0.45,0.19,45.792,295.579,236.188,1412960
0.05,-0.25,0.03,280.346,219.393,84.833,1412961
0.0,0.39,-0.04,143.781,107.531,268.207,1412962
0.0,0.09,-0.33,110.822,279.127,3.665,1412963
-0.32,-0.28,-0.42,124.804,197.581,89.832,1412964
0.11,-0.19,-0.29,34.091,125.781,190.503,1412965
0.37,-0.23,0.22,82.943,227.522,149.835,1412966
0.01,0.07,0.28,304.352,236.25,107.003,1412967
-0.0,-0.5,0.36,239.621,338.334,223.081,1412968
-0.07,-0.13,0.5,38.234,241.356,65.826,1412969
0.13,0.41,0.32,188.34,292.306,87.79,1412970
-0.26,-0.2,-0.03,145.311,308.543,211.949,1412971
0.03,0.15,0.37,328.537,107.248,219.869,1412972
-0.12,-0.09,-0.04,351.56,48.371,168.826,1412973
-0.42,-0.15,-0.44,229.705,35.54,348.566,1412974
0.32,0.18,-0.02,307.539,49.108,254.059,1412975
-0.03,-0.07,-0.35,302.845,180.03,271.545,1412976
0.03,0.33,0.13,294.092,160.965,140.692,1412977
-0.26,0.49,-0.25,212.426,129.077,187.685,1412978
-0.42,-0.3,0.06,352.506,124.781,294.249,1412979
0.44,0.47,-0.29,335.217,252.749,92.567,1412980
-0.48,0.37,0.15,314.195,135.892,32.561,1412981
-0.29,0.44,0.09,311.338,244.265,253.702,1412982
-0.03,0.44,-0.4,121.844,195.413,51.21,1412983
-0.37,0.04,0.15,36.359,268.317,76.479,1412984
-0.17,-0.4,-0.47,309.421,190.475,296.344,1412985
-0.33,0.04,-0.43,304.554,342.671,167.394,1412986
-0.07,0.48,-0.01,115.9,28.627,21.035,1412987
0.25,-0.46,-0.28,273.362,18.475,279.327,1412988
0.35,-0.45,-0.16,326.92,346.882,145.169,1412989
0.24,0.32,0.0,358.451,332.336,190.382,1412990
-0.09,-0.07,0.06,149.726,94.632,98.157,1412991
-0.28,0.5,-0.2,218.244,299.217,96.427,1412992
-0.11,0.47,-0.08,201.89,248.257,162.774,1412993
-0.34,0.06,-0.31,34.298,276.918,279.655,1412994
-0.31,-0.29,-0.15,45.049,288.978,95.005,1412995
-0.0,0.38,-0.33,251.89,315.474,32.183,1412996
-0.02,-0.07,0.34,278.113,319.939,291.322,1412997
-0.11,-0.17,-0.15,48.236,211.441,165.281,1412998
0.38,-0.31,0.1,151.911,254.593,225.962,1412999
-0.08,0.21,0.26,210.896,326.609,110.887,1413000
-0.29,0.22,-0.42,14.506,341.268,15.521,1413001
-0.2,-0.03,0.19,136.262,304.818,330.882,1413002
0.31,-0.42,-0.0,119.222,278.278,37.654,1413003
-0.24,0.02,-0.12,24.628,279.345,222.933,1413004
-0.34,0.22,0.45,121.206,131.772,274.36,1413005
0.39,0.3,-0.33,0.27,44.532,285.655,1413006
0.14,-0.33,0.16,270.061,66.207,12.627,1413007
0.11,0.18,-0.22,191.052,315.918,324.375,1413008
-0.44,0.05,0.33,333.653,280.196,43.957,1413009
0.45,0.47,-0.41,13.592,353.667,167.589,1413010
-0.33,-0.4,0.18,140.998,126.97,29.508,1413011
0.4,0.22,0.42,274.993,80.182,140.566,1413012
0.18,-0.18,0.47,4.586,234.28,0.316,1413013
-0.05,-0.02,-0.41,15.858,68.167,78.325,1413014
-0.26,0.14,-0.34,115.702,286.957,284.78,1413015
0.19,0.38,0.49,98.542,0.85,151.937,1413016
0.26,-0.46,-0.45,204.405,339.189,260.865,1413017
0.13,0.32,0.19,29.874,123.511,338.651,1413018
-0.43,-0.38,0.49,244.102,94.356,129.912,1413019
0.39,0.39,0.25,129.295,20.857,49.231,1413020
0.06,-0.36,0.36,265.759,99.278,81.009,1413021
-0.26,-0.12,0.21,29.18,4.529,140.212,1413022
-0.37,-0.38,0.45,162.939,61.887,9.484,1413023
-0.06,-0.47,0.4,151.85,89.055,42.163,1413024
0.25,0.11,-0.32,110.078,125.57,226.874,1413025
-0.15,-0.42,0.11,214.187,170.321,189.14,1413026
0.28,-0.47,-0.15,245.992,130.931,2.197,1413027
0.22,-0.31,0.06,335.522,27.205,104.001,1413028
0.05,0.49,-0.14,126.052,320.891,309.707,1413029
-0.24,0.34,-0.01,47.955,159.85,264.916,1413030
-0.22,0.42,-0.16,68.453,99.707,195.519,1413031
0.48,-0.03,0.49,137.403,311.016,179.895,1413032
0.27,-0.0,0.25,343.395,123.389,82.953,1413033
0.21,-0.31,0.24,115.767,336.876,356.586,1413034
-0.5,-0.19,-0.17,208.056,8.044,315.32,1413035
0.32,-0.02,-0.38,56.952,142.114,308.628,1413036
0.48,0.31,0.17,323.314,274.982,241.512,1413037
-0.29,-0.27,-0.44,327.809,40.549,68.907,1413038
0.37,-0.08,-0.47,263.32,182.776,233.827,1413039
0.24,0.35,0.12,325.865,150.602,191.171,1413040
0.39,0.07,0.36,196.772,172.286,17.708,1413041
0.06,-0.04,0.3,79.143,97.048,312.914,1413042
0.07,-0.15,-0.29,11.785,135.306,58.603,1413043
0.14,0.46,0.21,241.835,261.121,232.267,1413044
0.48,0.4,0.39,125.983,194.594,45.004,1413045
-0.25,0.12,0.07,187.565,246.825,220.973,1413046
-0.02,-0.17,-0.28,35.236,354.018,301.55,1413047
0.19,0.21,0.11,256.153,139.697,241.24,1413048
-0.36,0.36,0.16,43.139,249.834,121.446,1413049
0.29,0.39,0.35,198.227,311.473,211.18,1413050
0.39,-0.34,0.22,61.835,146.077,197.741,1413051
-0.03,-0.25,0.33,122.499,180.834,52.458,1413052
-0.33,-0.03,0.24,193.745,100.85,345.184,1413053
-0.49,-0.39,0.27,293.683,208.147,186.211,1413054
-0.33,-0.33,0.36,271.144,283.614,315.806,1413055
0.4,-0.12,-0.02,149.17,1.246,3.683,1413056
0.2,-0.46,-0.01,222.56,127.584,336.342,1413057
-0.16,-0.12,0.31,345.434,137.871,203.336,1413058
-0.12,-0.19,0.41,147.707,279.527,325.02,1413059
0.15,0.18,-0.06,142.068,65.397,99.652,1413060
-0.1,0.26,-0.12,300.96,186.608,346.362,1413061
0.49,0.06,-0.45,182.846,113.867,126.52,1413062
0.25,0.3,0.3,329.22,267.945,85.087,1413063
0.42,-0.33,-0.47,94.83,143.108,248.49,1413064
-0.08,0.31,0.19,301.021,51.936,279.036,1413065
0.39,0.07,0.49,5.367,199.543,174.337,1413066
0.39,-0.39,-0.05,348.689,207.838,206.995,1413067
0.11,0.45,-0.21,265.699,31.69,321.872,1413068
0.01,0.32,0.27,278.984,38.396,75.798,1413069
0.02,-0.07,0.03,53.128,276.507,194.767,1413070
-0.47,-0.15,-0.43,173.944,326.521,145.423,1413071
-0.05,-0.26,0.17,273.009,96.522,172.659,1413072
0.37,-0.5,0.3,210.842,207.853,136.012,1413073
-0.16,0.33,-0.46,27.86,83.926,195.358,1413074
-0.14,-0.19,0.3,292.102,227.694,199.77,1413075
0.17,0.01,-0.04,75.632,277.424,228.313,1413076
0.08,-0.0,0.11,142.234,159.738,205.168,1413077
0.21,0.45,0.36,55.048,352.551,357.647,1413078
0.13,-0.3,-0.03,53.266,277.321,308.822,1413079
-0.12,-0.21,0.36,157.933,46.003,271.74,1413080
0.04,0.42,-0.11,295.671,153.769,303.882,1413081
-0.38,-0.03,0.1,235.37,6.907,122.945,1413082
-0.18,-0.09,0.23,343.644,5.985,264.694,1413083
-0.35,0.17,-0.27,317.67,94.185,9.535,1413084
0.23,-0.02,-0.42,21.354,332.518,306.639,1413085
-0.37,-0.11,0.26,237.304,175.384,290.049,1413086
0.38,-0.39,0.34,144.036,295.855,25.138,1413087
-0.04,-0.16,0.21,140.416,271.374,101.134,1413088
0.46,0.03,-0.4,59.939,93.358,27.263,1413089
0.45,0.47,-0.39,322.292,309.985,150.541,1413090
0.08,0.06,0.2,6.637,269.494,201.423,1413091
-0.13,-0.09,-0.26,202.477,309.124,137.949,1413092
0.18,0.07,-0.46,153.567,119.182,201.709,1413093
0.02,0.38,-0.04,118.619,236.986,201.252,1413094
0.31,-0.24,0.23,132.125,47.601,258.743,1413095
-0.29,0.38,-0.18,236.869,17.282,104.073,1413096
0.02,-0.45,0.29,300.538,107.795,191.157,1413097
-0.02,-0.35,-0.3,349.507,81.121,323.305,1413098
-0.35,0.02,0.47,207.56,217.365,220.335,1413099
0.1,-0.38,0.24,191.912,300.593,223.233,1413100
0.38,0.17,-0.24,179.447,88.627,111.337,1413101
-0.37,0.49,-0.36,203.95,37.776,335.275,1413102
0.24,0.09,-0.18,137.957,347.288,37.047,1413103
0.49,0.09,0.45,1.117,325.056,101.411,1413104
-0.47,-0.37,-0.15,354.427,305.189,109.991,1413105
0.01,-0.3,-0.17,225.226,173.855,251.492,1413106
0.24,0.47,-0.0,149.603,152.214,311.746,1413107
-0.09,0.25,0.08,304.924,280.516,37.947,1413108
0.04,0.36,0.31,13.501,230.642,146.191,1413109
-0.3,-0.04,0.35,90.377,195.148,48.13,1413110
-0.27,-0.08,0.38,327.325,322.336,1.487,1413111
0.02,0.11,-0.44,310.778,4.059,173.856,1413112
-0.04,0.26,0.09,301.328,53.431,74.993,1413113
-0.34,0.23,-0.17,83.224,301.176,72.29,1413114
-0.06,0.37,0.23,31.247,137.704,288.032,1413115
-0.44,-0.16,-0.32,120.585,18.716,290.573,1413116
0.38,-0.47,-0.15,273.553,304.275,37.676,1413117
0.4,0.15,-0.03,316.976,337.417,321.123,1413118
0.4,-0.26,0.09,25.872,24.69,96.864,1413119
0.24,0.44,-0.17,63.06,143.886,44.388,1413120
-0.08,-0.43,-0.17,130.331,178.827,94.587,1413121
-0.36,0.05,0.37,95.034,197.438,48.085,1413122
-0.47,0.17,-0.08,105.291,233.964,127.128,1413123
0.19,0.31,0.47,128.3,358.692,208.265,1413124
-0.23,0.46,0.15,143.622,297.396,95.724,1413125
0.42,0.16,0.14,90.328,228.787,356.1,1413126
-0.33,-0.36,0.4,31.093,307.077,82.097,1413127
-0.18,0.35,-0.1,71.392,283.395,358.716,1413128
-0.04,0.42,0.34,320.261,118.596,125.429,1413129
0.07,-0.49,-0.35,73.216,25.593,319.454,1413130
0.2,-0.09,-0.2,81.314,84.072,35.917,1413131
-0.02,0.32,-0.03,67.362,37.405,144.715,1413132
-0.24,0.16,0.23,235.786,306.766,25.611,1413133
0.17,0.43,0.39,353.979,159.27,273.749,1413134
0.12,0.13,0.21,26.878,235.438,75.646,1413135
0.07,-0.4,0.26,156.81,129.024,280.379,1413136
0.07,0.1,-0.39,59.393,352.554,342.295,1413137
0.36,0.29,-0.31,82.51,358.147,143.653,1413138
-0.26,-0.2,0.04,234.311,175.741,56.207,1413139
-0.18,0.32,-0.39,318.118,45.088,210.468,1413140
-0.43,0.29,0.43,247.797,26.318,281.647,1413141
0.29,-0.0,-0.21,211.69,312.719,349.535,1413142
-0.08,-0.3,-0.38,53.235,205.777,256.291,1413143
0.46,-0.41,0.19,258.074,232.669,246.983,1413144
-0.27,0.36,-0.09,46.577,314.883,115.616,1413145
0.21,-0.35,-0.13,130.269,222.665,264.465,1413146
0.42,-0.12,0.02,238.549,150.464,237.703,1413147
-0.11,0.17,-0.21,157.514,288.913,339.512,1413148
-0.27,-0.48,-0.42,132.741,217.698,140.695,1413149
0.25,-0.4,0.3,173.567,341.671,346.182,1413150
0.33,-0.42,-0.14,238.873,239.633,112.645,1413151
-0.24,0.45,-0.33,312.543,288.3,327.01,1413152
-0.21,0.46,-0.42,42.038,154.837,222.235,1413153
-0.12,0.2,0.46,113.849,76.939,262.704,1413154
0.48,-0.13,-0.42,267.779,358.827,213.608,1413155
-0.23,-0.4,-0.5,222.351,224.469,246.062,1413156
-0.12,0.36,0.4,119.062,303.392,73.853,1413157
0.06,-0.18,0.46,152.088,216.368,277.744,1413158
-0.3,0.5,-0.48,225.804,332.441,53.987,1413159
-0.31,-0.08,-0.1,32.807,109.701,75.057,1413160
0.17,0.16,0.23,240.84,340.325,67.958,1413161
-0.35,-0.25,0.37,207.885,176.727,235.675,1413162
0.11,-0.41,-0.38,52.159,328.353,305.591,1413163
-0.1,0.49,0.12,268.535,36.483,200.389,1413164
-0.46,0.1,0.01,67.911,200.038,232.69,1413165
-0.45,-0.39,0.26,202.234,45.023,187.027,1413166
-0.12,-0.42,-0.41,133.931,307.679,313.12,1413167
-0.24,-0.23,0.24,332.323,311.199,145.631,1413168
-0.4,-0.43,0.09,91.67,66.643,335.142,1413169
0.21,-0.39,0.14,188.098,151.075,282.614,1413170
-0.24,0.01,0.03,270.809,287.938,171.333,1413171
0.04,0.26,0.07,76.894,251.885,172.665,1413172
0.02,0.11,0.43,338.801,239.135,237.056,1413173
-0.29,-0.05,-0.31,285.191,292.577,340.667,1413174
0.17,0.35,-0.19,250.441,340.979,326.129,1413175
-0.31,-0.49,0.02,352.135,296.151,163.065,1413176
-0.48,-0.02,-0.2,100.061,153.981,191.482,1413177
0.41,0.41,0.24,169.429,67.075,275.444,1413178
0.05,0.32,0.24,245.511,106.779,263.85,1413179
0.11,-0.45,0.1,296.283,60.578,106.302,1413180
0.26,0.27,0.36,42.332,6.725,334.748,1413181
-0.48,0.44,-0.41,45.74,222.865,10.963,1413182
0.14,0.12,-0.46,125.756,157.156,75.149,1413183
-0.18,0.48,-0.42,279.231,100.235,105.098,1413184
-0.12,-0.13,0.32,30.408,63.124,103.165,1413185
-0.04,-0.27,-0.26,234.54,254.615,248.832,1413186
-0.04,0.46,0.14,50.202,331.216,270.635,1413187
-0.26,0.38,-0.26,71.706,63.908,238.161,1413188
0.15,-0.28,0.32,136.286,309.594,190.29,1413189
0.38,0.12,0.1,94.421,195.869,312.544,1413190
0.08,-0.37,-0.18,342.461,258.67,31.459,1413191
0.14,-0.19,-0.02,341.666,214.997,262.007,1413192
0.43,-0.25,-0.45,197.454,63.96,272.592,1413193
0.09,-0.44,0.17,335.875,81.595,114.893,1413194
-0.19,-0.07,0.17,88.938,238.149,346.975,1413195
-0.33,-0.4,-0.02,139.75,275.417,149.488,1413196
-0.31,-0.36,0.41,318.109,287.57,41.859,1413197
-0.15,0.19,0.19,111.972,293.494,286.831,1413198
-0.19,-0.24,-0.16,347.643,100.022,101.905,1413199
-0.4,0.17,0.44,232.505,275.787,219.814,1413200
-0.23,-0.16,0.03,212.548,178.85,336.098,1413201
0.47,-0.28,0.01,48.982,279.463,60.766,1413202
-0.22,0.02,0.4,355.004,59.462,160.324,1413203
-0.42,-0.47,-0.12,236.899,255.006,203.714,1413204
-0.3,0.3,0.06,115.323,46.382,159.591,1413205
-0.48,0.22,-0.03,145.489,102.391,351.214,1413206
0.02,-0.08,-0.12,333.754,272.147,34.366,1413207
0.45,-0.47,0.01,133.171,31.337,151.645,1413208
0.25,-0.22,-0.23,41.49,156.553,77.22,1413209
0.14,-0.29,0.23,0.55,94.304,144.673,1413210
-0.49,0.48,-0.17,338.948,341.087,114.932,1413211
0.42,0.12,-0.39,341.769,24.511,346.331,1413212
-0.4,-0.14,-0.16,38.824,21.297,136.808,1413213
-0.43,0.39,0.29,78.951,56.15,170.382,1413214
-0.48,-0.25,-0.22,230.083,194.323,163.073,1413215
0.44,-0.43,-0.34,316.8,177.326,239.975,1413216
-0.16,0.46,0.18,209.049,216.678,250.736,1413217
0.4,0.04,-0.09,55.81,112.668,118.632,1413218
0.06,-0.28,0.09,86.367,203.147,70.548,1413219
-0.44,0.37,-0.43,323.135,170.132,27.635,1413220
0.34,-0.21,-0.03,79.686,324.408,203.874,1413221
0.38,0.22,-0.45,12.896,68.868,333.34,1413222
0.39,-0.06,-0.21,21.639,35.987,200.782,1413223
-0.0,-0.45,0.13,300.551,84.552,92.21,1413224
-0.06,-0.08,-0.24,137.829,155.65,242.142,1413225
-0.26,-0.11,-0.22,98.161,146.057,287.652,1413226
-0.08,0.33,-0.48,326.411,271.166,258.275,1413227
0.29,-0.03,0.41,5.466,350.409,98.129,1413228
-0.24,0.46,-0.39,66.27,93.077,63.006,1413229
-0.34,-0.02,-0.17,119.934,176.706,306.128,1413230
-0.21,0.26,0.24,275.121,49.292,319.848,1413231
0.35,0.33,0.4,225.625,312.888,55.927,1413232
-0.04,0.1,-0.17,61.671,136.912,65.661,1413233
0.21,-0.37,0.09,39.959,156.903,5.654,1413234
0.14,-0.21,-0.25,269.505,143.745,151.748,1413235
0.33,-0.44,0.46,333.161,139.008,98.378,1413236
0.33,0.19,-0.41,51.734,126.195,21.582,1413237
-0.3,-0.46,0.25,64.159,42.612,130.738,1413238
0.11,0.18,-0.33,325.066,3.926,114.885,1413239
0.16,0.47,-0.4,29.288,358.545,73.736,1413240
0.06,0.31,-0.34,162.312,319.199,296.509,1413241
-0.47,0.48,-0.42,146.346,26.223,321.459,1413242
-0.4,0.4,0.18,316.103,113.269,89.67,1413243
-0.08,0.41,-0.32,276.41,35.736,331.146,1413244
-0.19,-0.13,-0.36,260.301,13.172,94.521,1413245
0.08,0.25,-0.47,193.132,66.168,63.638,1413246
0.31,-0.27,-0.06,160.901,331.54,133.244,1413247
0.12,0.39,-0.02,317.249,77.476,223.586,1413248
-0.36,0.15,-0.35,28.322,142.378,119.88,1413249
0.25,0.1,-0.03,11.346,30.41,51.817,1413250
0.09,-0.01,0.41,322.994,100.175,249.203,1413251
0.24,0.15,-0.19,139.787,103.29,269.472,1413252
0.2,0.32,0.22,54.431,352.574,357.759,1413253
-0.48,0.03,0.1,175.112,97.597,55.281,1413254
-0.42,0.15,0.23,320.895,218.412,295.596,1413255
-0.49,-0.05,-0.27,65.257,89.455,316.129,1413256
0.3,-0.46,0.31,290.841,189.755,344.04,1413257
0.41,-0.39,0.32,102.659,64.568,295.94,1413258
-0.04,-0.39,-0.06,106.976,328.023,156.041,1413259
0.31,-0.27,0.45,209.485,343.56,169.182,1413260
-0.36,-0.32,-0.31,31.151,281.384,312.149,1413261
0.37,0.12,0.19,340.117,87.946,27.877,1413262
0.31,0.14,0.39,289.272,198.346,159.793,1413263
-0.26,0.01,-0.1,340.764,139.4,81.321,1413264
0.06,0.07,0.28,194.229,147.378,354.201,1413265
0.35,-0.32,-0.03,231.162,178.309,195.078,1413266
0.11,0.1,-0.09,46.136,208.81,223.722,1413267
0.33,0.32,0.39,300.868,264.323,49.819,1413268
0.15,0.19,0.2,240.441,246.937,79.043,1413269
-0.02,-0.46,-0.47,96.985,21.751,44.35,1413270
-0.41,0.35,0.5,210.897,6.892,327.308,1413271
0.27,0.42,-0.17,108.035,273.283,87.872,1413272
-0.45,0.16,-0.41,300.481,354.721,121.201,1413273
-0.44,0.07,-0.03,82.967,165.724,1.816,1413274
-0.15,-0.44,0.3,124.572,174.918,323.311,1413275
-0.19,0.15,0.49,65.363,49.165,286.52,1413276
0.1,0.0,-0.48,8.789,281.087,160.571,1413277
-0.38,0.22,0.33,246.778,106.78,320.264,1413278
-0.13,0.19,-0.26,223.51,228.601,249.521,1413279
0.45,-0.26,0.32,280.254,8.131,49.237,1413280
0.11,-0.07,0.47,216.807,354.26,17.086,1413281
-0.44,0.43,-0.08,140.698,347.042,249.644,1413282
-0.25,0.49,0.14,8.474,286.628,122.105,1413283
0.26,0.1,-0.33,306.55,353.706,70.692,1413284
0.34,-0.18,0.39,100.86,302.953,82.163,1413285
-0.23,-0.32,0.02,319.865,221.75,339.071,1413286
-0.49,-0.28,0.13,16.106,265.225,297.024,1413287
-0.35,-0.5,0.25,258.932,187.666,139.891,1413288
0.34,0.15,0.5,303.591,174.214,272.729,1413289
0.05,-0.29,-0.09,297.059,45.294,260.577,1413290
-0.39,-0.46,0.37,246.094,39.783,123.902,1413291
0.37,0.47,0.45,36.931,174.096,313.914,1413292
-0.46,0.24,-0.0,332.921,63.005,166.587,1413293
0.27,0.14,-0.18,83.595,49.575,278.875,1413294
-0.35,0.17,-0.43,303.985,299.915,253.859,1413295
-0.27,0.09,0.33,162.705,155.707,118.975,1413296
0.31,-0.14,0.27,269.236,345.124,306.121,1413297
0.14,-0.06,-0.25,190.87,161.501,246.298,1413298
-0.06,0.07,0.26,7.172,74.174,103.287,1413299
-0.01,-0.12,0.32,253.609,69.864,18.546,1413300
-0.46,-0.37,-0.01,139.201,64.605,264.633,1413301
0.29,-0.42,-0.42,336.371,161.573,196.302,1413302
0.43,-0.15,0.4,183.816,332.411,340.229,1413303
0.45,0.4,-0.04,21.809,289.671,320.389,1413304
-0.18,-0.07,-0.2,308.623,137.599,146.329,1413305
0.45,0.39,0.07,330.954,128.013,260.397,1413306
0.31,0.15,0.2,26.114,279.233,42.328,1413307
0.48,-0.25,0.38,164.14,174.588,7.12,1413308
-0.16,0.04,0.38,247.404,206.235,60.419,1413309
0.4,0.01,-0.44,359.003,1.582,179.565,1413310
-0.36,-0.34,-0.43,148.657,195.642,269.14,1413311
0.49,0.07,-0.4,38.004,297.18,60.882,1413312
-0.16,-0.27,0.04,266.654,203.866,134.458,1413313
-0.23,-0.49,0.32,211.618,346.048,257.193,1413314
0.42,0.45,-0.26,350.867,26.581,61.944,1413315
-0.45,0.23,-0.37,223.648,120.845,67.897,1413316
0.42,-0.19,0.25,306.347,358.95,43.939,1413317
-0.13,0.35,-0.32,273.495,314.496,306.902,1413318
0.3,0.14,0.06,219.203,266.63,330.258,1413319
0.12,-0.31,0.12,132.602,80.188,235.253,1413320
0.21,0.4,0.39,335.53,273.197,139.371,1413321
0.08,-0.41,0.29,187.491,243.603,347.006,1413322
0.14,0.09,0.1,146.131,229.083,19.179,1413323
-0.04,0.35,-0.01,13.421,70.788,127.256,1413324
0.42,0.04,0.27,262.839,58.55,104.295,1413325
-0.43,-0.27,-0.14,32.919,20.555,198.105,1413326
-0.17,0.21,0.3,91.174,39.279,85.452,1413327
0.37,0.43,-0.08,312.984,158.535,296.15,1413328
0.26,0.19,0.19,347.534,169.158,119.588,1413329
-0.29,0.04,-0.23,206.556,79.036,32.755,1413330
-0.17,-0.05,-0.04,8.549,127.726,114.769,1413331
-0.33,0.39,-0.5,85.446,188.639,248.901,1413332
-0.46,-0.09,0.35,112.88,4.703,292.442,1413333
0.1,0.46,0.33,124.675,301.228,214.535,1413334
-0.02,0.34,-0.01,280.507,192.394,213.068,1413335
0.44,-0.35,-0.11,29.697,211.694,65.852,1413336
-0.35,-0.28,-0.04,80.501,276.31,14.948,1413337
0.3,-0.28,0.37,315.351,222.825,233.583,1413338
-0.21,-0.28,-0.45,350.025,272.839,207.548,1413339
-0.01,0.29,-0.12,87.447,9.381,39.983,1413340
-0.02,0.25,0.09,286.746,327.682,44.761,1413341
0.31,-0.2,0.12,245.847,90.136,101.841,1413342
0.31,0.2,0.04,105.02,329.591,63.0,1413343
0.05,-0.24,0.42,272.991,318.388,1.369,1413344
-0.46,0.06,0.2,196.503,351.71,139.686,1413345
-0.43,0.45,0.29,187.331,355.358,215.538,1413346
0.15,-0.25,0.06,214.909,204.873,81.56,1413347
0.29,-0.22,-0.14,315.162,352.985,166.778,1413348
-0.33,-0.49,0.07,295.68,49.889,271.106,1413349
-0.23,-0.11,-0.3,336.963,318.901,138.382,1413350
0.44,-0.38,0.26,247.934,143.47,134.709,1413351
-0.25,0.48,-0.28,32.874,309.154,12.326,1413352
0.3,-0.18,0.3,217.449,157.839,129.585,1413353
-0.28,-0.3,0.02,348.307,272.773,334.541,1413354
-0.26,0.34,0.12,343.272,309.574,253.065,1413355
0.44,0.25,0.04,50.889,341.842,148.161,1413356
0.27,0.35,0.45,136.04,318.33,197.47,1413357
0.16,-0.02,-0.06,9.979,245.645,83.397,1413358
-0.18,0.4,-0.31,298.885,216.979,205.522,1413359
0.36,0.41,-0.16,189.581,111.87,299.999,1413360
-0.46,0.4,-0.26,151.501,186.548,316.766,1413361
0.48,0.45,-0.43,220.222,341.754,203.04,1413362
-0.14,0.28,0.04,104.361,75.143,220.081,1413363
-0.3,0.29,-0.15,332.81,58.9,137.758,1413364
-0.39,-0.27,0.19,246.82,340.101,327.008,1413365
-0.26,0.49,-0.24,26.051,301.389,220.321,1413366
-0.3,0.45,-0.38,254.451,242.61,4.093,1413367
-0.04,0.18,-0.41,31.404,10.305,125.762,1413368
0.37,0.19,-0.37,282.208,267.848,96.116,1413369
0.09,-0.4,0.09,348.825,13.026,105.082,1413370
-0.08,-0.04,-0.29,337.041,331.172,181.483,1413371
0.29,-0.44,-0.36,310.545,274.443,123.545,1413372
-0.05,0.41,-0.48,148.188,112.654,262.867,1413373
-0.15,0.03,-0.35,181.139,52.913,259.074,1413374
0.18,-0.22,-0.31,238.236,36.54,293.955,1413375
-0.37,0.3,-0.45,143.17,337.902,296.796,1413376
-0.09,-0.4,0.3,113.181,90.482,210.359,1413377
0.02,0.06,0.09,95.031,208.282,243.406,1413378
-0.34,0.27,-0.32,77.246,335.795,87.592,1413379
-0.37,0.42,0.18,350.814,44.01,313.117,1413380
-0.11,0.46,0.33,344.505,41.811,301.702,1413381
-0.21,0.06,0.08,323.306,310.051,283.327,1413382
0.45,0.27,-0.39,148.967,339.49,342.442,1413383
-0.42,0.31,0.34,276.567,293.038,116.292,1413384
-0.23,-0.43,-0.03,342.661,134.57,307.571,1413385
0.37,-0.08,0.38,183.201,56.77,67.651,1413386
0.39,-0.0,-0.26,204.026,11.951,116.424,1413387
0.1,-0.33,-0.0,255.372,254.993,27.002,1413388
0.08,0.38,0.1,176.807,218.993,6.105,1413389
0.35,-0.12,0.01,118.158,201.203,64.505,1413390
-0.18,-0.01,0.34,206.1,1.2,180.388,1413391
0.32,0.35,0.24,156.496,66.893,173.297,1413392
0.43,0.32,-0.34,11.104,309.557,128.297,1413393
0.37,0.42,-0.01,274.234,351.633,94.598,1413394
-0.08,0.07,-0.17,344.32,21.635,226.784,1413395
-0.22,-0.22,0.3,98.638,182.76,270.994,1413396
-0.1,-0.27,-0.26,227.116,351.075,54.355,1413397
0.14,-0.21,0.24,337.303,289.689,182.229,1413398
0.35,0.43,-0.11,331.672,45.499,304.881,1413399
0.31,0.29,0.21,249.257,307.555,176.176,1413400
-0.19,0.09,0.43,301.744,358.656,5.102,1413401
0.12,0.45,0.46,84.48,331.487,227.338,1413402
-0.16,0.14,0.2,105.224,263.751,87.893,1413403
0.14,0.46,0.32,46.972,111.476,173.008,1413404
0.26,0.5,0.48,2.509,116.33,253.183,1413405
0.13,0.14,-0.37,231.689,305.534,358.627,1413406
-0.42,-0.5,-0.18,181.16,303.058,308.481,1413407
0.41,-0.2,-0.06,50.587,286.541,178.134,1413408
0.16,-0.48,-0.33,37.631,51.841,142.999,1413409
0.07,-0.08,-0.19,38.647,335.839,327.58,1413410
0.3,-0.12,-0.05,33.721,236.616,226.119,1413411
-0.35,-0.49,0.47,105.362,214.773,175.971,1413412
0.03,0.03,0.42,285.233,283.579,191.108,1413413
0.36,-0.36,0.14,243.937,317.598,23.382,1413414
-0.21,0.26,0.06,24.063,137.135,351.759,1413415
0.08,-0.11,0.39,231.48,254.663,276.147,1413416
0.22,0.36,0.35,172.845,210.346,198.246,1413417
0.41,0.07,0.11,262.178,49.472,353.943,1413418
-0.45,0.04,-0.47,322.575,30.745,93.08,1413419
0.24,0.14,0.46,338.924,189.253,219.143,1413420
-0.2,-0.29,-0.0,36.12,273.544,89.16,1413421
0.13,0.2,-0.11,345.991,17.647,192.553,1413422
0.35,-0.37,-0.12,129.208,78.358,2.632,1413423
0.22,0.09,0.13,251.859,88.748,61.34,1413424
0.24,-0.44,-0.45,310.736,339.249,287.721,1413425
-0.0,-0.37,0.42,211.363,313.745,271.628,1413426
-0.01,0.06,0.13,203.144,148.436,297.729,1413427
-0.41,0.24,0.37,337.382,185.67,96.452,1413428
0.04,-0.28,0.05,101.357,135.009,278.988,1413429
-0.07,-0.43,0.46,246.364,300.82,96.744,1413430
0.04,0.09,0.33,85.688,115.061,43.055,1413431
-0.31,0.25,0.36,33.258,46.417,181.368,1413432
-0.13,0.08,-0.13,202.866,285.772,291.103,1413433
0.48,-0.31,-0.23,358.008,265.996,12.814,1413434
0.5,0.32,0.12,65.407,321.344,310.006,1413435
0.43,0.07,-0.19,346.812,326.896,332.241,1413436
0.31,0.26,-0.39,117.716,70.078,165.086,1413437
0.43,0.13,0.41,340.91,339.734,247.225,1413438
-0.02,0.49,-0.04,124.887,205.379,70.011,1413439
-0.13,-0.29,-0.04,262.537,261.772,19.08,1413440
-0.02,-0.1,-0.44,172.68,8.205,350.195,1413441
0.22,-0.42,0.28,265.814,273.048,173.823,1413442
-0.16,-0.16,0.36,116.873,48.948,322.024,1413443
-0.4,0.45,-0.17,39.612,0.693,353.465,1413444
0.44,0.14,-0.16,231.432,58.272,272.537,1413445
0.38,0.34,-0.03,16.234,45.454,180.584,1413446
0.26,0.04,0.48,167.541,357.117,229.393,1413447
0.35,-0.43,-0.02,217.115,127.363,4.065,1413448
-0.29,-0.22,-0.23,143.688,92.733,230.523,1413449
-0.09,0.01,0.1,4.169,3.604,221.772,1413450
-0.4,0.26,-0.24,41.376,12.564,74.696,1413451
-0.48,-0.19,0.1,41.803,295.488,108.221,1413452
0.17,0.1,-0.16,70.484,42.568,244.822,1413453
0.1,0.15,-0.25,47.005,241.489,355.702,1413454
-0.46,0.35,0.14,113.736,150.448,137.569,1413455
-0.16,-0.23,-0.45,150.416,72.309,0.534,1413456
-0.22,-0.3,-0.09,25.545,81.918,203.253,1413457
-0.21,-0.46,-0.17,248.022,297.737,190.437,1413458
-0.35,-0.36,-0.16,188.801,296.982,6.128,1413459
0.49,-0.38,0.36,141.94,197.528,177.108,1413460
-0.22,-0.03,-0.34,313.528,350.551,120.437,1413461
-0.33,0.08,-0.44,113.159,148.906,12.882,1413462
-0.37,-0.46,-0.1,76.032,30.947,175.712,1413463
0.04,-0.19,0.44,167.004,292.578,18.9,1413464
-0.03,-0.49,0.02,242.239,176.448,39.986,1413465
0.04,-0.14,-0.09,66.151,98.043,313.944,1413466
0.26,0.18,0.26,209.677,153.904,199.683,1413467
-0.3,0.3,0.12,294.225,98.066,355.865,1413468
-0.25,-0.28,-0.2,237.465,98.751,285.377,1413469
0.19,0.25,0.26,16.677,203.498,256.479,1413470
-0.32,-0.42,0.1,28.116,301.4,350.253,1413471
0.3,-0.02,0.49,5.266,227.29,359.304,1413472
-0.5,0.35,-0.49,219.964,85.389,216.936,1413473
-0.09,0.41,-0.15,196.641,168.663,223.742,1413474
-0.5,0.28,0.47,274.781,86.626,279.348,1413475
0.24,-0.23,-0.24,153.709,179.124,242.578,1413476
-0.06,-0.19,0.4,327.223,22.622,158.291,1413477
-0.04,0.27,0.45,139.582,353.028,280.882,1413478
0.31,-0.3,0.32,1.031,104.09,309.62,1413479
0.34,0.25,0.35,45.459,199.504,208.397,1413480
0.17,0.42,-0.27,209.948,326.847,343.412,1413481
-0.02,-0.16,-0.38,192.341,227.057,136.052,1413482
0.13,-0.28,-0.08,262.107,308.882,285.036,1413483
-0.1,0.06,0.16,227.248,41.749,283.732,1413484
0.15,-0.36,0.4,48.569,168.729,312.065,1413485
-0.44,0.08,-0.27,280.39,87.664,104.72,1413486
0.21,-0.21,-0.15,316.482,219.379,99.119,1413487
0.31,0.15,-0.28,132.035,173.943,262.611,1413488
-0.3,-0.27,0.0,164.664,164.444,244.708,1413489
-0.05,-0.13,-0.07,1.076,63.514,328.006,1413490
0.12,0.22,-0.1,137.602,311.241,123.137,1413491
0.2,-0.02,-0.01,213.21,118.723,37.451,1413492
-0.2,0.23,0.46,228.582,113.301,129.684,1413493
0.04,0.09,0.02,221.792,225.803,308.112,1413494
-0.08,0.41,0.15,184.735,27.425,275.448,1413495
0.17,0.17,0.42,229.753,206.848,308.285,1413496
-0.45,-0.14,0.42,320.81,155.421,132.544,1413497
-0.25,0.39,0.49,301.242,143.831,48.606,1413498
0.18,0.46,-0.29,60.35,152.269,200.625,1413499
0.37,-0.19,0.03,296.157,344.639,29.652,1413500
0.3,0.45,0.13,24.399,54.429,271.067,1413501
0.27,-0.07,0.29,255.06,21.396,147.851,1413502
0.14,0.3,0.32,22.037,48.079,215.38,1413503
0.13,-0.13,-0.38,83.542,287.483,181.376,1413504
-0.33,0.2,-0.4,300.187,26.076,1.05,1413505
0.33,0.18,0.11,171.832,147.095,236.345,1413506
0.21,0.17,-0.24,293.781,41.238,57.458,1413507
-0.19,-0.06,-0.37,267.963,107.665,8.448,1413508
-0.33,0.23,-0.3,43.599,49.179,112.192,1413509
0.07,-0.12,0.04,119.186,323.449,245.589,1413510
-0.22,0.02,-0.06,128.633,82.989,65.75,1413511
0.42,0.42,0.19,235.11,52.692,192.605,1413512
0.47,0.31,-0.46,153.337,350.334,21.65,1413513
0.32,0.27,-0.17,299.44,27.551,33.708,1413514
0.15,-0.02,-0.47,131.773,35.078,180.803,1413515
0.12,-0.18,0.32,28.056,50.142,24.126,1413516
0.15,0.49,-0.2,216.581,67.799,212.826,1413517
-0.41,-0.42,-0.41,261.282,130.257,332.347,1413518
-0.16,0.3,-0.48,220.59,210.792,332.303,1413519
0.42,0.31,0.14,150.636,120.903,11.887,1413520
-0.35,-0.24,-0.05,18.285,40.031,285.886,1413521
0.34,0.5,0.09,242.981,143.615,290.897,1413522
0.01,0.05,0.49,57.834,181.178,275.265,1413523
-0.39,0.31,0.4,298.331,169.082,105.208,1413524
0.3,0.42,0.22,42.748,267.28,154.252,1413525
-0.02,-0.36,-0.42,7.254,210.643,150.209,1413526
0.22,0.49,0.43,303.87,358.272,48.286,1413527
0.25,0.3,-0.34,156.387,216.752,314.066,1413528
-0.4,-0.36,0.2,125.355,139.34,310.046,1413529
-0.22,0.1,0.44,93.955,39.733,70.096,1413530
-0.04,0.48,-0.09,216.505,149.701,312.813,1413531
-0.03,-0.18,0.48,237.697,293.565,339.908,1413532
-0.23,-0.34,-0.3,71.14,247.207,184.202,1413533
-0.47,-0.16,-0.15,120.207,53.862,178.968,1413534
-0.04,0.04,0.38,87.091,160.282,202.567,1413535
-0.31,0.46,0.11,101.788,19.378,278.607,1413536
0.27,-0.29,-0.18,65.246,257.977,221.759,1413537
0.26,-0.2,-0.35,11.926,249.534,23.878,1413538
0.04,0.14,-0.24,104.383,246.209,264.516,1413539
-0.23,0.04,0.13,230.748,127.546,154.015,1413540
-0.29,-0.13,-0.17,9.354,145.212,327.536,1413541
-0.34,-0.28,-0.23,123.615,134.083,6.7,1413542
0.34,0.35,-0.02,204.321,343.691,126.543,1413543
0.26,-0.2,0.28,25.488,46.482,80.197,1413544
0.26,0.0,-0.44,320.453,336.999,306.878,1413545
0.05,0.3,-0.41,209.307,308.378,291.324,1413546
-0.24,0.03,-0.22,352.606,120.837,153.895,1413547
-0.09,0.23,-0.28,116.93,200.151,1.62,1413548
0.44,-0.15,0.35,180.075,122.101,245.164,1413549
-0.07,0.36,-0.49,238.82,170.077,131.502,1413550
0.47,0.23,0.25,36.199,238.16,128.75,1413551
-0.29,0.3,0.0,127.506,234.071,97.542,1413552
0.15,0.04,0.45,355.41,0.414,19.984,1413553
0.21,-0.0,-0.27,291.251,105.231,49.602,1413554
-0.38,-0.07,0.21,268.661,91.648,22.525,1413555
-0.32,-0.32,0.19,168.818,121.992,19.96,1413556
-0.12,-0.37,-0.46,40.066,38.78,69.134,1413557
0.37,0.33,0.46,340.568,332.253,163.018,1413558
0.05,0.06,-0.44,28.403,189.676,111.808,1413559
-0.28,0.2,-0.42,42.428,44.094,119.633,1413560
-0.37,0.02,-0.2,249.633,249.561,83.534,1413561
0.26,-0.0,-0.39,286.809,295.67,141.957,1413562
0.36,0.1,-0.39,228.928,152.045,297.762,1413563
-0.16,-0.28,-0.11,72.85,356.694,56.916,1413564
-0.0,0.4,0.07,86.965,243.994,123.51,1413565
-0.36,-0.34,-0.48,39.326,232.916,96.295,1413566
-0.34,-0.33,-0.11,208.067,172.975,34.027,1413567
0.14,-0.26,0.19,63.656,96.497,2.063,1413568
-0.26,0.24,-0.5,285.541,124.554,46.876,1413569
-0.26,-0.07,0.24,255.766,130.115,166.286,1413570
0.02,-0.28,0.1,25.318,160.785,7.309,1413571
0.15,-0.39,-0.22,212.702,305.448,54.647,1413572
-0.33,-0.32,0.06,75.694,256.135,51.091,1413573
0.09,0.37,-0.38,289.409,146.136,250.761,1413574
0.06,0.11,-0.22,288.183,260.235,84.313,1413575
-0.01,-0.26,-0.31,251.441,41.285,318.483,1413576
0.43,0.22,0.13,276.481,159.267,276.755,1413577
-0.13,0.1,0.04,108.462,131.723,128.867,1413578
0.22,-0.06,0.21,172.874,41.178,178.383,1413579
-0.06,-0.22,-0.01,293.297,287.832,167.438,1413580
-0.4,-0.17,-0.12,292.26,173.157,194.17,1413581
0.28,0.35,-0.07,313.252,194.079,142.215,1413582
-0.18,-0.45,0.41,69.225,211.146,234.543,1413583
0.15,-0.48,0.04,354.235,346.981,237.513,1413584
0.42,0.08,0.36,70.441,308.805,134.852,1413585
-0.01,-0.37,0.48,180.461,139.177,210.165,1413586
0.0,-0.39,0.4,354.095,296.557,322.08,1413587
-0.17,0.26,0.43,22.929,99.586,136.667,1413588
0.46,-0.07,0.1,179.149,351.996,119.021,1413589
-0.16,-0.23,0.18,5.28,272.442,33.469,1413590
-0.18,0.26,-0.14,315.882,92.529,157.796,1413591
-0.07,0.25,0.34,307.124,303.962,56.108,1413592
-0.28,0.13,-0.47,43.452,220.124,136.258,1413593
0.15,-0.1,-0.25,130.146,177.426,41.39,1413594
0.29,0.19,-0.04,72.97,111.938,329.388,1413595
0.05,0.04,0.38,32.125,83.137,222.657,1413596
0.11,0.21,-0.47,14.346,214.105,19.248,1413597
0.37,-0.36,-0.18,37.334,200.642,80.686,1413598
0.16,0.1,-0.42,275.216,212.685,66.583,1413599
0.04,-0.4,0.4,256.345,67.626,80.235,1413600
-0.43,0.5,0.48,197.626,289.871,112.224,1413601
0.14,0.05,0.29,1.8,59.793,43.661,1413602
-0.09,0.29,-0.43,250.51,165.213,308.752,1413603
-0.47,-0.44,-0.41,223.659,189.44,22.007,1413604
-0.38,0.15,0.2,8.795,72.667,129.478,1413605
0.26,0.46,0.08,117.208,165.623,149.304,1413606
-0.48,0.27,-0.41,68.859,325.362,322.206,1413607
-0.09,0.28,0.45,349.365,331.428,152.397,1413608
0.37,0.38,0.42,359.536,338.818,214.129,1413609
-0.45,0.06,0.02,277.841,80.992,28.154,1413610
-0.26,0.05,-0.24,112.861,5.699,289.984,1413611
0.28,0.15,-0.41,185.327,351.994,314.602,1413612
0.48,0.49,0.26,237.804,1.291,276.917,1413613
0.25,-0.37,-0.23,199.412,229.303,188.452,1413614
-0.15,-0.16,-0.25,12.135,148.019,39.983,1413615
-0.36,0.41,-0.35,4.616,241.778,36.953,1413616
0.11,-0.26,0.42,32.217,320.176,17.408,1413617
0.39,-0.39,-0.2,219.79,111.338,124.183,1413618
-0.14,-0.1,-0.21,355.69,317.814,339.252,1413619
0.39,0.43,-0.49,203.045,236.407,193.147,1413620
-0.01,0.08,0.09,157.613,6.156,290.045,1413621
-0.2,0.19,-0.47,272.227,9.865,214.271,1413622
0.35,-0.18,-0.24,285.604,242.885,98.772,1413623
0.49,-0.08,0.21,289.383,313.295,145.674,1413624
0.0,-0.44,0.16,63.062,109.606,57.92,1413625
-0.05,-0.31,0.48,45.438,139.396,274.286,1413626
0.2,0.46,-0.16,112.042,264.152,54.152,1413627
0.39,0.34,0.39,221.833,317.545,22.148,1413628
0.29,0.17,-0.19,301.801,130.605,349.778,1413629
0.28,0.1,-0.42,340.824,153.812,118.468,1413630
0.05,-0.31,0.41,231.342,232.652,280.12,1413631
-0.13,0.41,0.31,121.261,343.803,246.503,1413632
0.29,-0.37,0.35,117.592,230.486,81.176,1413633
-0.15,0.21,-0.4,295.691,258.498,31.943,1413634
0.18,-0.06,-0.35,86.444,337.705,264.23,1413635
0.06,-0.06,0.22,47.629,262.016,288.132,1413636
0.06,-0.23,-0.22,96.718,10.436,185.682,1413637
0.37,-0.3,0.12,218.278,89.395,236.009,1413638
-0.41,0.11,-0.03,38.648,149.096,90.905,1413639
-0.13,0.16,0.3,62.815,299.812,77.472,1413640
0.14,0.4,-0.03,136.237,193.196,104.139,1413641
-0.23,-0.45,-0.09,3.774,208.994,273.958,1413642
-0.12,-0.06,0.1,187.685,33.333,267.743,1413643
-0.13,-0.4,0.42,245.909,145.79,37.353,1413644
0.28,0.02,-0.45,61.864,318.232,336.149,1413645
0.18,-0.16,0.36,307.477,103.878,0.615,1413646
-0.01,0.17,0.49,293.787,251.513,186.357,1413647
-0.25,-0.16,0.31,70.111,149.968,359.988,1413648
0.01,0.46,-0.44,180.488,263.489,202.868,1413649
-0.06,0.46,-0.36,149.799,127.435,292.282,1413650
-0.3,-0.34,-0.31,327.998,48.432,265.267,1413651
0.46,-0.38,0.19,120.479,135.723,85.324,1413652
0.17,0.27,0.36,153.193,272.647,240.872,1413653
-0.38,0.48,-0.38,335.68,113.136,3.639,1413654
-0.33,-0.41,-0.0,8.906,343.076,303.98,1413655
-0.05,-0.46,-0.18,316.981,152.608,155.157,1413656
-0.32,0.39,-0.24,222.653,220.472,49.692,1413657
-0.23,-0.12,0.4,146.922,344.116,44.574,1413658
0.02,-0.3,0.22,21.784,237.192,187.693,1413659
-0.43,0.35,-0.08,48.547,1.236,237.681,1413660
-0.31,0.37,-0.48,69.857,234.345,217.535,1413661
0.32,0.49,0.22,267.319,78.438,171.86,1413662
0.46,0.21,0.3,165.278,222.821,15.241,1413663
0.29,0.24,0.07,35.606,99.518,30.083,1413664
0.44,0.15,0.43,209.858,58.239,177.057,1413665
-0.27,0.4,-0.02,60.286,321.979,130.398,1413666
-0.08,-0.49,-0.22,166.577,97.939,59.632,1413667
0.06,0.43,-0.18,13.105,238.802,42.625,1413668
-0.06,0.2,-0.02,138.189,96.971,346.954,1413669
0.15,0.01,-0.09,112.276,156.658,35.276,1413670
-0.48,0.48,0.25,327.492,209.225,257.987,1413671
0.17,0.48,0.09,200.596,261.8,98.1,1413672
-0.05,-0.26,0.22,252.143,205.562,36.468,1413673
-0.42,0.19,0.2,38.491,196.968,241.724,1413674
0.24,0.05,0.08,332.439,6.506,326.048,1413675
0.19,0.12,-0.06,88.58,338.394,319.355,1413676
-0.39,0.5,0.11,150.097,190.897,264.959,1413677
0.01,-0.2,0.34,126.15,148.101,7.748,1413678
0.26,-0.05,-0.23,308.593,217.39,78.833,1413679
0.1,0.01,-0.29,121.945,191.414,123.489,1413680
0.36,-0.0,-0.11,336.39,2.977,291.978,1413681
0.1,0.06,-0.1,179.802,100.704,342.997,1413682
-0.38,0.13,-0.28,344.375,270.574,318.362,1413683
-0.27,-0.05,-0.12,0.77,6.123,99.832,1413684
0.02,-0.49,0.07,150.585,253.154,205.124,1413685
0.12,0.37,0.45,333.173,71.485,182.516,1413686
0.34,0.48,-0.45,281.578,75.56,200.452,1413687
-0.27,0.44,0.06,155.23,170.397,309.255,1413688
-0.21,-0.01,-0.16,311.502,93.164,166.696,1413689
-0.23,0.01,-0.42,301.385,33.395,43.8,1413690
0.45,-0.28,-0.47,266.826,119.362,131.433,1413691
0.16,0.2,-0.08,81.122,181.768,347.602,1413692
0.49,-0.41,0.16,305.625,53.953,358.464,1413693
-0.38,-0.37,-0.25,191.67,322.396,322.144,1413694
-0.4,0.48,-0.4,201.488,78.857,347.593,1413695
0.11,0.08,-0.1,115.291,12.01,63.022,1413696
0.06,-0.03,-0.06,162.948,184.615,114.651,1413697
-0.24,-0.33,0.08,282.694,338.195,199.768,1413698
-0.11,-0.3,-0.32,286.27,8.226,31.244,1413699
0.2,-0.02,-0.25,282.156,51.199,76.33,1413700
-0.05,0.34,0.48,295.865,260.456,59.503,1413701
0.43,-0.18,-0.41,224.4,79.17,245.127,1413702
-0.06,-0.31,0.4,3.099,127.782,339.549,1413703
0.44,-0.27,0.35,305.948,128.394,64.636,1413704
0.16,-0.41,-0.22,271.298,154.044,95.702,1413705
-0.44,0.04,0.13,75.202,11.315,80.726,1413706
0.08,-0.18,0.03,253.18,321.121,215.059,1413707
0.39,-0.44,-0.23,78.746,303.268,304.522,1413708
0.44,0.49,0.48,241.91,144.657,47.83,1413709
0.15,0.28,-0.01,308.596,25.794,28.669,1413710
0.17,-0.45,-0.32,127.857,7.929,2.193,1413711
-0.45,0.42,0.0,28.57,261.343,103.639,1413712
-0.4,-0.48,0.2,100.353,133.145,129.946,1413713
-0.12,-0.17,0.24,65.936,214.52,300.095,1413714
0.15,0.47,-0.17,160.059,15.188,134.569,1413715
-0.16,0.05,-0.37,334.914,69.629,135.22,1413716
-0.19,-0.38,-0.43,345.291,341.991,9.575,1413717
-0.09,0.01,-0.47,128.703,103.267,318.39,1413718
0.33,-0.16,-0.28,165.079,205.135,332.683,1413719
0.44,-0.18,-0.08,334.326,166.471,312.68,1413720
0.48,-0.37,-0.18,323.006,284.409,216.828,1413721
-0.12,-0.2,0.15,137.085,143.76,343.275,1413722
-0.14,-0.26,0.41,241.908,56.394,5.173,1413723
-0.05,-0.42,-0.5,23.209,158.235,122.712,1413724
0.16,0.31,0.11,210.924,338.691,34.036,1413725
-0.04,0.23,0.48,68.829,172.468,342.344,1413726
0.23,0.25,-0.07,296.418,35.638,348.029,1413727
0.4,-0.32,0.08,272.955,60.571,322.141,1413728
-0.42,0.02,-0.43,198.955,30.748,183.855,1413729
-0.38,0.07,0.5,78.557,84.664,103.604,1413730
-0.09,0.48,0.4,152.888,142.58,356.958,1413731
0.38,0.2,-0.42,105.691,69.232,258.515,1413732
0.43,0.47,0.13,136.771,342.382,176.386,1413733
-0.38,-0.22,-0.44,343.885,95.457,112.406,1413734
-0.47,-0.39,0.07,135.154,54.506,170.993,1413735
-0.35,0.18,0.49,230.679,111.395,158.588,1413736
-0.36,-0.06,-0.31,27.1,222.681,65.81,1413737
0.21,0.41,-0.16,241.918,164.912,166.992,1413738
-0.17,-0.16,-0.36,258.531,204.758,56.881,1413739
0.09,0.03,0.31,359.282,327.843,134.989,1413740
0.29,-0.42,-0.27,22.454,315.344,114.166,1413741
0.11,-0.5,0.11,147.437,32.464,98.247,1413742
-0.39,-0.42,0.48,338.609,197.734,138.596,1413743
-0.15,-0.49,-0.24,345.884,327.074,323.295,1413744
-0.25,-0.27,-0.03,317.039,242.823,194.327,1413745
0.08,0.24,0.14,241.118,315.99,131.181,1413746
-0.49,0.06,0.11,212.844,257.64,164.329,1413747
0.26,-0.3,-0.35,47.532,86.06,180.784,1413748
0.36,0.44,-0.01,86.384,175.804,221.634,1413749
-0.39,-0.26,0.13,219.184,351.513,241.108,1413750
0.15,-0.08,-0.03,160.716,134.881,196.469,1413751
-0.45,0.02,-0.0,65.374,227.399,328.274,1413752
-0.29,0.28,0.18,248.908,1.307,230.484,1413753
0.35,-0.42,-0.25,196.654,212.548,259.841,1413754
0.08,0.11,-0.11,7.212,134.528,62.033,1413755
0.14,-0.29,0.19,98.52,257.493,219.646,1413756
0.21,0.34,-0.35,347.138,209.85,241.72,1413757
0.49,-0.48,-0.11,94.047,51.173,218.972,1413758
-0.25,-0.16,-0.16,234.08,153.399,191.029,1413759
-0.07,-0.08,-0.11,119.389,62.684,218.24,1413760
0.46,-0.41,0.15,1.127,165.571,205.477,1413761
0.04,-0.48,0.39,74.272,258.644,312.819,1413762
0.22,0.08,0.48,19.442,140.473,65.408,1413763
0.38,-0.48,0.11,289.003,44.408,231.029,1413764
0.4,0.27,0.28,188.431,108.183,176.901,1413765
-0.5,0.47,0.3,69.588,269.774,54.299,1413766
-0.31,-0.25,0.06,264.729,251.86,222.228,1413767
0.41,0.12,-0.2,68.95,314.732,359.784,1413768
-0.28,0.03,0.29,76.206,312.064,285.32,1413769
0.29,-0.32,-0.09,26.214,107.596,110.833,1413770
0.33,-0.22,0.32,7.851,165.424,299.429,1413771
-0.05,-0.3,0.44,354.443,173.209,200.186,1413772
-0.27,0.04,0.42,252.486,55.49,93.263,1413773
0.49,0.49,0.34,72.547,319.774,118.88,1413774
0.01,0.44,-0.47,73.659,305.505,334.071,1413775
0.44,0.23,-0.29,355.642,299.876,256.721,1413776
0.04,0.05,0.47,272.254,89.437,59.102,1413777
-0.11,-0.04,-0.05,67.392,98.416,95.739,1413778
0.2,0.5,0.36,166.955,216.938,47.433,1413779
0.37,-0.46,-0.34,231.058,334.848,175.296,1413780
-0.24,-0.22,-0.28,214.58,331.399,270.492,1413781
-0.02,-0.26,-0.45,296.831,272.865,344.424,1413782
0.02,0.36,0.41,281.261,185.255,5.372,1413783
-0.42,0.48,-0.42,56.617,350.859,225.144,1413784
-0.32,-0.14,-0.25,226.695,268.649,314.342,1413785
0.13,-0.06,0.15,340.353,65.992,60.283,1413786
-0.11,-0.45,0.46,34.455,293.137,90.885,1413787
-0.43,-0.21,-0.06,200.68,168.639,271.453,1413788
-0.23,0.22,-0.07,167.076,329.406,205.326,1413789
0.15,0.27,-0.07,184.255,345.103,238.801,1413790
0.4,0.01,0.39,183.496,260.081,156.503,1413791
0.18,0.48,0.01,27.898,15.703,109.526,1413792
-0.44,0.46,-0.48,98.408,108.308,21.704,1413793
0.25,-0.4,0.25,297.742,91.447,332.787,1413794
0.08,0.49,-0.03,321.073,283.013,143.388,1413795
-0.34,0.23,0.1,188.5,66.685,258.032,1413796
-0.31,0.26,-0.2,0.491,79.548,118.777,1413797
-0.23,0.03,-0.3,247.851,106.913,100.339,1413798
-0.31,-0.28,0.15,273.558,211.873,117.282,1413799
-0.3,0.38,-0.39,85.875,128.717,172.297,1413800
0.22,-0.14,0.04,4.597,47.079,320.659,1413801
0.08,-0.04,0.06,13.216,328.862,277.09,1413802
-0.09,0.27,0.16,232.355,277.86,152.974,1413803
0.33,0.44,0.48,167.121,60.078,79.364,1413804
-0.26,0.12,-0.14,77.898,323.164,58.892,1413805
0.06,-0.21,0.49,76.512,271.706,218.41,1413806
-0.41,0.06,-0.41,283.085,79.274,79.189,1413807
0.08,-0.1,-0.47,197.634,46.036,82.423,1413808
-0.14,0.05,0.31,163.613,171.723,278.221,1413809
0.07,0.09,-0.09,341.697,107.261,249.163,1413810
-0.12,0.48,0.25,315.89,132.575,228.293,1413811
0.41,-0.24,-0.11,34.068,116.581,224.547,1413812
0.2,0.02,0.4,73.117,169.915,258.414,1413813
-0.22,0.34,-0.47,15.649,148.63,186.84,1413814
0.4,-0.26,0.47,203.612,58.079,295.927,1413815
-0.13,0.27,0.12,254.44,245.429,224.187,1413816
0.16,-0.42,-0.21,317.578,303.376,295.201,1413817
-0.26,-0.48,-0.26,302.245,334.566,25.211,1413818
-0.41,-0.34,-0.16,87.717,275.563,137.858,1413819
-0.16,-0.15,-0.01,184.152,209.624,81.79,1413820
-0.23,0.19,-0.17,190.061,185.093,79.578,1413821
-0.14,0.08,-0.15,282.01,65.735,315.728,1413822
0.4,0.01,0.37,197.583,350.447,334.547,1413823
0.16,-0.08,-0.39,131.232,108.403,102.039,1413824
-0.3,0.17,-0.45,236.311,251.257,227.394,1413825
-0.2,-0.02,-0.19,334.715,279.093,162.19,1413826
0.23,-0.07,-0.18,171.266,247.082,319.348,1413827
0.17,0.33,0.04,195.471,323.305,12.126,1413828
-0.22,0.34,-0.13,331.574,359.846,286.733,1413829
-0.04,-0.26,0.04,308.761,189.565,58.274,1413830
-0.08,0.12,-0.46,218.536,251.103,315.865,1413831
-0.33,0.1,0.14,148.19,324.002,7.201,1413832
0.43,0.24,0.1,228.991,241.914,56.167,1413833
0.44,0.1,-0.37,234.9,89.345,224.43,1413834
0.43,-0.4,0.04,245.922,31.839,149.345,1413835
0.34,-0.33,0.01,254.246,165.613,115.259,1413836
0.34,0.4,0.36,245.976,177.392,243.214,1413837
-0.39,0.44,0.28,301.968,67.193,211.042,1413838
0.06,0.44,0.07,297.443,74.661,266.759,1413839
-0.15,-0.47,0.41,279.505,211.962,74.336,1413840
-0.24,0.31,0.3,105.841,165.589,300.134,1413841
0.31,-0.23,0.06,161.668,170.635,105.513,1413842
-0.28,-0.14,-0.26,318.377,119.614,22.919,1413843
0.02,0.4,0.11,109.429,70.022,113.97,1413844
0.23,0.27,0.31,117.221,262.322,281.022,1413845
-0.5,-0.38,0.01,338.016,120.771,130.329,1413846
0.47,0.21,-0.34,35.332,199.139,359.441,1413847
-0.2,0.45,-0.11,26.265,312.717,91.892,1413848
0.14,0.09,-0.17,265.921,140.068,345.981,1413849
0.11,0.31,0.31,302.285,38.354,310.66,1413850
0.11,0.32,0.12,356.675,342.558,5.944,1413851
-0.16,0.0,0.49,124.672,188.396,253.187,1413852
0.24,0.12,-0.07,315.073,162.089,122.136,1413853
0.26,-0.01,-0.22,22.74,115.57,326.867,1413854
-0.41,0.4,0.23,329.945,33.887,149.122,1413855
0.03,0.48,-0.16,54.506,72.339,230.978,1413856
0.08,0.45,0.44,348.03,115.471,290.213,1413857
-0.33,0.39,-0.09,153.828,211.368,103.208,1413858
0.19,-0.13,0.32,308.727,188.919,143.585,1413859
-0.31,0.18,-0.29,46.395,52.242,76.392,1413860
-0.24,0.44,0.48,243.782,332.575,57.188,1413861
-0.35,-0.09,0.19,122.462,76.805,355.524,1413862
0.2,-0.29,0.3,64.375,17.309,107.974,1413863
0.29,0.44,-0.06,33.916,172.832,78.355,1413864
-0.32,-0.13,-0.05,229.862,283.093,304.135,1413865
-0.03,0.38,-0.33,254.821,0.437,119.247,1413866
0.4,0.28,-0.33,116.552,336.783,103.668,1413867
-0.42,0.19,-0.19,250.034,166.812,258.89,1413868
0.35,-0.22,-0.26,301.136,88.214,230.35,1413869
-0.21,-0.3,-0.24,222.944,195.931,139.403,1413870
-0.2,-0.43,-0.14,72.507,24.743,354.907,1413871
-0.35,-0.44,-0.03,127.843,170.759,49.819,1413872
-0.14,-0.14,0.38,31.9,324.744,10.017,1413873
-0.25,-0.44,0.1,328.655,276.103,32.897,1413874
-0.34,0.42,-0.31,23.092,340.71,158.486,1413875
0.39,0.05,-0.05,154.642,277.317,215.217,1413876
-0.16,0.44,0.12,189.168,110.151,58.329,1413877
0.46,-0.44,-0.14,93.026,61.731,8.928,1413878
0.34,0.46,-0.05,124.769,126.798,330.07,1413879
-0.44,0.48,0.41,48.421,334.109,314.444,1413880
-0.09,-0.23,-0.12,290.611,67.955,232.801,1413881
-0.48,-0.08,-0.15,34.927,44.793,298.164,1413882
-0.12,0.03,-0.17,75.893,330.072,19.991,1413883
0.39,-0.27,0.14,199.422,302.546,150.897,1413884
-0.31,0.29,0.45,246.452,266.76,242.009,1413885
0.13,-0.18,-0.37,52.902,269.456,181.4,1413886
0.44,-0.16,0.22,17.49,158.042,218.217,1413887
-0.36,0.41,0.44,339.466,125.07,128.152,1413888
0.39,0.02,0.36,48.227,353.907,346.842,1413889
-0.24,0.21,0.08,304.61,356.362,216.998,1413890
-0.21,0.03,-0.08,188.44,36.227,122.307,1413891
0.15,0.23,-0.19,41.339,320.648,334.352,1413892
0.23,-0.48,-0.26,191.286,100.709,100.325,1413893
0.27,-0.38,-0.18,112.726,206.637,284.345,1413894
-0.11,-0.1,-0.11,161.057,66.869,143.219,1413895
0.33,0.33,-0.47,100.551,97.532,139.367,1413896
-0.08,-0.34,-0.35,0.693,115.585,264.986,1413897
-0.24,-0.17,-0.28,267.102,289.982,181.195,1413898
-0.28,-0.38,-0.49,71.758,75.245,79.152,1413899
0.26,0.13,0.45,235.579,73.603,78.16,1413900
0.24,0.29,-0.34,63.794,222.917,133.219,1413901
0.26,-0.4,-0.48,274.33,117.937,358.637,1413902
0.23,-0.25,0.01,270.143,71.881,130.87,1413903
0.13,-0.35,-0.27,356.822,357.761,222.625,1413904
-0.23,-0.41,-0.07,113.188,309.912,180.375,1413905
-0.24,-0.08,0.07,105.051,72.092,288.204,1413906
-0.25,0.1,0.19,39.287,353.177,26.119,1413907
-0.45,0.44,0.42,18.342,126.234,43.885,1413908
-0.41,-0.02,-0.33,83.832,123.839,292.134,1413909
0.2,0.41,0.44,89.366,356.643,147.434,1413910
-0.23,0.07,0.48,269.675,51.575,285.821,1413911
0.15,0.45,-0.06,268.939,242.78,86.7,1413912
-0.26,0.23,0.19,167.611,199.876,8.117,1413913
0.21,0.23,-0.08,356.542,257.949,135.952,1413914
0.22,-0.24,0.27,278.445,31.231,310.902,1413915
0.07,0.02,-0.28,105.532,27.34,150.918,1413916
-0.36,-0.4,-0.25,96.749,163.945,129.005,1413917
-0.45,-0.04,0.3,20.122,298.5,13.923,1413918
-0.07,-0.36,0.02,199.449,213.282,285.863,1413919
-0.23,-0.1,-0.29,154.22,219.874,272.872,1413920
-0.06,0.11,-0.02,354.005,63.758,123.746,1413921
-0.15,0.02,0.2,323.41,139.201,54.688,1413922
-0.07,-0.14,-0.13,303.112,320.065,267.255,1413923
-0.12,-0.32,-0.18,253.311,97.254,248.976,1413924
-0.43,0.28,-0.18,277.273,119.795,249.65,1413925
-0.08,0.32,0.27,242.125,298.506,226.64,1413926
0.27,0.24,-0.12,7.096,359.864,163.562,1413927
0.14,-0.2,-0.08,166.447,78.18,119.141,1413928
0.46,-0.15,-0.41,105.278,230.534,190.79,1413929
0.35,0.44,0.35,121.326,13.657,287.145,1413930
0.48,-0.4,0.41,169.434,200.174,81.617,1413931
0.44,0.45,0.48,168.086,133.16,346.837,1413932
-0.34,0.3,-0.22,123.3,117.533,120.078,1413933
-0.08,-0.06,-0.03,326.686,205.347,130.292,1413934
0.35,0.4,-0.22,359.283,247.557,168.946,1413935
-0.26,-0.47,0.15,205.818,216.792,116.687,1413936
0.19,0.49,-0.3,237.729,329.372,102.611,1413937
0.37,-0.05,-0.04,250.331,305.925,210.054,1413938
0.35,0.44,0.44,160.404,119.155,293.044,1413939
0.43,0.41,-0.04,59.17,108.895,230.214,1413940
-0.28,-0.46,0.27,261.547,41.695,268.742,1413941
-0.33,-0.12,-0.1,275.347,135.167,23.439,1413942
-0.4,0.19,0.22,168.47,216.397,228.786,1413943
0.25,0.08,-0.33,139.65,106.907,55.656,1413944
0.05,0.03,-0.44,147.947,299.118,23.941,1413945
-0.26,-0.27,-0.47,226.272,28.036,254.204,1413946
-0.49,-0.12,-0.09,301.528,312.67,226.156,1413947
-0.13,-0.04,-0.34,245.599,231.402,110.98,1413948
0.49,0.38,0.48,4.165,305.338,312.544,1413949
-0.3,-0.19,0.28,207.175,221.888,354.865,1413950
0.01,0.1,-0.39,43.952,0.7,345.251,1413951
-0.1,-0.1,0.49,297.472,70.698,125.082,1413952
0.47,-0.12,-0.26,113.775,175.659,314.912,1413953
-0.17,-0.13,0.5,303.976,101.076,22.993,1413954
-0.13,0.09,0.38,315.007,13.827,32.117,1413955
-0.22,-0.1,0.5,302.575,112.937,274.283,1413956
-0.43,0.22,0.37,241.378,71.152,45.75,1413957
-0.5,0.07,0.27,313.545,298.093,279.286,1413958
0.43,0.26,0.35,109.271,308.117,274.87,1413959
0.08,-0.35,0.11,324.512,174.27,320.826,1413960
0.14,-0.19,-0.0,219.798,266.698,201.278,1413961
0.21,-0.17,0.48,178.171,310.243,147.078,1413962
0.28,0.5,-0.09,302.398,292.173,27.472,1413963
0.11,0.08,0.5,356.025,231.11,13.703,1413964
-0.26,0.41,0.36,239.913,207.001,306.215,1413965
-0.15,0.2,-0.35,278.971,163.495,62.544,1413966
0.45,-0.3,0.15,86.072,335.858,90.376,1413967
0.22,-0.32,-0.2,40.662,112.841,26.331,1413968
-0.43,0.19,0.06,277.234,292.034,187.167,1413969
-0.29,0.26,-0.35,208.548,169.209,345.65,1413970
0.37,0.04,-0.3,193.329,90.942,340.539,1413971
0.21,0.45,0.28,81.042,130.581,129.333,1413972
-0.26,0.09,-0.03,175.825,170.079,61.164,1413973
-0.11,-0.4,-0.4,338.172,171.663,249.162,1413974
-0.37,-0.38,-0.03,208.5,346.465,274.309,1413975
0.26,-0.14,0.44,54.025,81.141,154.863,1413976
-0.36,0.32,0.2,96.92,207.27,178.919,1413977
-0.14,0.27,0.36,164.881,273.456,148.689,1413978
0.36,0.14,0.39,41.062,346.066,142.398,1413979
0.25,-0.01,-0.46,214.28,23.278,284.048,1413980
-0.14,0.09,-0.24,352.314,358.507,283.189,1413981
0.4,0.02,0.25,332.316,148.717,180.37,1413982
-0.39,-0.1,-0.33,182.253,41.71,38.509,1413983
0.24,-0.4,-0.44,164.693,161.235,317.423,1413984
-0.5,-0.44,0.33,121.93,258.292,190.698,1413985
0.26,0.04,-0.3,250.188,299.975,186.08,1413986
0.19,-0.22,0.37,342.825,267.723,306.65,1413987
0.39,0.09,0.06,138.64,189.128,2.257,1413988
-0.15,0.33,0.25,112.754,260.924,89.026,1413989
-0.47,0.17,0.38,351.925,45.89,254.377,1413990
-0.14,0.1,0.41,201.405,131.962,220.48,1413991
-0.22,-0.19,0.29,280.561,151.899,292.421,1413992
-0.31,-0.4,0.12,344.994,210.481,97.964,1413993
-0.16,-0.25,-0.36,40.495,241.499,291.798,1413994
0.01,-0.41,0.11,333.121,283.646,222.409,1413995
-0.5,-0.01,0.4,169.396,285.918,307.585,1413996
-0.37,0.1,0.07,53.273,28.582,87.493,1413997
0.42,0.29,0.42,81.452,303.247,117.837,1413998
0.47,0.22,0.1,25.56,46.484,157.07,1413999
0.29,-0.43,0.03,1.297,89.336,131.183,1414000
0.3,0.06,-0.3,135.809,352.69,91.38,1414001
-0.23,0.36,0.36,59.266,104.765,317.35,1414002
0.34,0.36,-0.25,195.943,309.483,223.845,1414003
-0.42,-0.43,0.29,164.824,222.574,120.805,1414004
0.04,0.18,0.45,40.912,202.102,327.521,1414005
-0.09,-0.41,0.35,260.873,29.71,345.551,1414006
0.42,0.42,0.13,299.007,21.627,349.248,1414007
0.46,-0.41,0.16,309.732,219.859,306.75,1414008
0.4,-0.09,0.38,147.286,29.053,155.346,1414009
0.42,-0.22,0.39,222.557,331.65,194.944,1414010
-0.08,-0.43,-0.28,237.173,120.947,166.992,1414011
-0.28,0.48,-0.24,199.502,129.679,60.687,1414012
0.14,0.25,-0.49,64.908,296.685,196.221,1414013
0.31,0.35,0.04,32.631,257.44,355.627,1414014
0.06,0.37,0.45,103.247,14.349,274.618,1414015
-0.44,0.4,-0.21,337.444,41.176,76.62,1414016
0.04,-0.45,0.37,130.457,166.474,110.629,1414017
-0.3,-0.07,-0.36,114.892,191.287,58.505,1414018
0.26,0.19,-0.02,60.037,64.689,101.858,1414019
-0.0,0.09,-0.01,294.413,229.536,129.246,1414020
-0.08,-0.09,-0.34,245.872,59.622,254.317,1414021
-0.13,-0.36,-0.27,283.68,245.989,222.924,1414022
0.41,0.04,-0.02,187.222,249.885,169.344,1414023
-0.34,0.38,-0.03,54.763,242.095,195.658,1414024
0.01,-0.27,-0.31,142.458,256.248,5.054,1414025
0.38,0.19,-0.05,167.208,300.322,135.656,1414026
-0.08,-0.36,-0.22,127.603,136.251,57.029,1414027
0.03,-0.05,-0.07,57.652,266.376,330.894,1414028
0.24,-0.44,-0.49,337.083,208.656,6.721,1414029
0.25,-0.22,-0.04,61.182,180.859,210.178,1414030
-0.18,0.05,0.04,84.583,179.872,130.49,1414031
-0.44,-0.39,-0.02,12.356,158.829,274.864,1414032
-0.15,0.29,0.05,61.769,178.287,173.651,1414033
0.28,-0.27,-0.28,37.931,275.503,189.927,1414034
0.24,-0.03,-0.34,164.505,25.942,197.908,1414035
0.32,0.36,-0.15,349.045,330.303,134.559,1414036
0.18,0.38,0.05,280.808,215.678,202.968,1414037
0.05,0.35,0.08,286.217,113.469,335.14,1414038
0.01,0.22,-0.14,97.791,101.925,139.964,1414039
0.44,-0.36,0.17,186.926,64.841,282.936,1414040
0.34,-0.07,0.22,21.461,67.639,162.983,1414041
0.39,-0.5,-0.2,174.617,192.763,154.051,1414042
0.37,0.34,-0.36,20.503,146.957,168.304,1414043
0.33,-0.05,-0.45,288.096,43.379,224.615,1414044
0.36,0.45,-0.42,188.386,97.902,218.565,1414045
-0.31,0.2,0.49,305.351,290.253,52.958,1414046
-0.41,0.01,-0.19,11.117,331.248,40.274,1414047
0.26,-0.27,0.22,30.67,72.997,90.786,1414048
-0.23,0.46,0.11,58.461,109.208,307.145,1414049
-0.28,-0.23,-0.34,131.054,246.202,357.128,1414050
-0.28,-0.21,0.4,341.286,222.691,181.733,1414051
0.37,0.35,-0.46,17.898,269.868,107.489,1414052
-0.42,-0.06,0.02,135.939,109.847,327.988,1414053
0.09,0.49,0.35,327.387,83.791,287.892,1414054
-0.07,-0.08,0.22,185.987,106.837,13.403,1414055
0.14,-0.45,0.06,122.063,173.488,146.591,1414056
0.05,-0.06,-0.25,164.55,97.708,8.46,1414057
0.4,0.1,0.18,296.719,291.866,285.691,1414058
-0.25,-0.01,0.5,340.936,287.053,89.222,1414059
-0.1,-0.08,-0.14,221.541,124.808,34.661,1414060
0.03,0.19,-0.22,288.063,151.116,283.497,1414061
0.15,0.41,0.49,240.538,139.028,310.748,1414062
-0.27,-0.44,-0.17,194.096,313.145,214.409,1414063
0.26,-0.12,0.43,53.208,93.759,233.375,1414064
0.41,0.14,-0.41,70.416,237.143,164.426,1414065
-0.31,0.47,-0.33,335.279,308.792,111.396,1414066
-0.04,0.03,0.4,325.793,31.697,200.704,1414067
-0.31,-0.03,-0.22,301.524,217.289,353.529,1414068
-0.02,0.18,0.23,172.831,196.942,51.624,1414069
-0.16,0.22,0.35,356.101,221.971,226.345,1414070
0.01,0.5,0.13,55.225,158.739,175.128,1414071
0.33,-0.11,-0.0,267.181,52.94,172.405,1414072
-0.38,0.33,0.15,202.953,297.112,199.683,1414073
0.11,-0.39,0.25,18.926,68.787,359.101,1414074
-0.13,0.24,-0.34,98.687,128.08,12.73,1414075
-0.47,0.22,0.03,229.203,144.693,324.609,1414076
0.19,0.18,-0.15,111.524,127.0,205.551,1414077
0.47,0.25,-0.04,212.961,20.118,77.826,1414078
-0.24,0.47,-0.46,9.224,207.455,180.637,1414079
0.14,-0.24,-0.21,64.93,143.118,332.398,1414080
-0.3,-0.04,-0.18,15.681,194.67,239.48,1414081
-0.43,0.37,-0.49,76.515,201.647,8.23,1414082
0.33,0.34,0.35,356.075,324.736,127.592,1414083
0.37,0.22,0.24,182.46,349.752,245.685,1414084
-0.47,0.11,0.5,263.59,26.116,42.549,1414085
0.46,0.11,-0.43,164.135,23.391,268.675,1414086
-0.14,0.32,-0.49,311.685,71.54,142.276,1414087
0.36,0.02,-0.04,18.498,170.064,68.263,1414088
0.27,-0.47,-0.33,253.771,158.005,247.694,1414089
0.35,0.07,0.39,257.69,204.39,328.493,1414090
0.32,0.32,-0.32,103.081,189.34,353.85,1414091
0.29,-0.35,0.11,166.309,125.798,253.113,1414092
0.24,0.04,0.46,181.518,274.129,188.23,1414093
0.07,-0.39,-0.28,57.877,239.106,216.994,1414094
-0.44,-0.32,-0.11,290.599,0.002,24.904,1414095
0.45,0.08,0.44,121.377,30.186,41.178,1414096
0.23,-0.26,-0.25,62.965,130.716,74.961,1414097
0.36,-0.36,-0.22,341.057,353.684,199.007,1414098
-0.03,0.44,0.15,155.133,11.535,151.827,1414099
0.49,-0.16,-0.17,1.019,340.164,113.63,1414100
0.12,0.19,-0.23,233.589,273.108,284.531,1414101
-0.13,0.01,-0.01,9.74,189.467,189.777,1414102
-0.06,0.32,-0.4,180.93,304.486,51.27,1414103
-0.39,-0.02,0.27,264.552,62.36,311.722,1414104
0.05,0.01,-0.01,286.424,303.07,188.814,1414105
-0.02,0.2,-0.39,41.896,312.335,190.658,1414106
0.19,-0.45,0.3,231.81,70.248,174.492,1414107
0.36,0.2,0.37,295.023,50.975,332.215,1414108
0.2,-0.09,-0.19,53.815,213.44,274.433,1414109
0.14,0.17,0.01,112.548,58.577,86.525,1414110
0.28,-0.23,0.48,332.508,30.746,182.473,1414111
0.47,0.18,-0.05,255.665,226.314,2.217,1414112
-0.16,0.41,-0.08,277.433,282.278,225.477,1414113
-0.24,-0.47,-0.14,80.066,61.077,298.102,1414114
-0.13,-0.47,-0.5,0.107,237.684,147.445,1414115
-0.42,0.26,-0.2,319.906,257.537,294.529,1414116
0.24,-0.39,0.35,337.912,294.399,351.54,1414117
0.0,-0.12,-0.25,131.556,253.591,99.181,1414118
-0.25,-0.37,-0.38,218.036,231.286,339.295,1414119
-0.37,0.18,0.39,346.905,305.493,97.5,1414120
-0.17,-0.28,0.49,19.362,219.514,56.398,1414121
-0.49,-0.28,0.06,292.876,282.738,340.965,1414122
-0.06,0.49,0.38,328.803,77.495,88.599,1414123
0.17,0.49,0.43,91.703,273.125,221.212,1414124
-0.17,-0.32,0.37,21.182,99.279,179.479,1414125
-0.41,-0.32,0.3,258.062,67.435,123.396,1414126
0.31,-0.14,0.3,89.748,85.508,123.553,1414127
-0.47,-0.23,0.15,89.228,327.055,267.164,1414128
-0.0,0.29,-0.06,161.359,264.804,55.11,1414129
-0.08,-0.45,-0.42,156.25,230.499,70.686,1414130
-0.03,-0.02,0.34,236.056,175.582,223.59,1414131
0.15,-0.14,-0.04,348.482,219.726,68.301,1414132
0.19,-0.26,0.37,123.593,304.992,334.603,1414133
-0.42,-0.27,0.4,280.821,25.975,9.724,1414134
-0.23,-0.16,-0.21,44.027,283.357,238.847,1414135
0.17,0.31,-0.13,31.87,156.86,90.81,1414136
-0.31,-0.24,-0.46,316.529,260.532,153.433,1414137
-0.15,0.42,-0.4,19.831,250.39,52.964,1414138
-0.05,-0.4,-0.43,12.848,298.879,197.212,1414139
0.15,-0.0,-0.21,199.282,24.762,306.601,1414140
-0.21,-0.06,-0.4,98.535,64.928,196.599,1414141
0.41,-0.01,0.31,280.045,162.825,207.231,1414142
-0.39,-0.49,-0.16,212.777,217.68,245.299,1414143
-0.42,0.09,-0.1,102.849,130.99,270.691,1414144
0.24,-0.27,0.35,4.583,52.183,22.513,1414145
0.49,-0.14,-0.23,42.568,214.867,269.883,1414146
0.4,0.08,0.36,80.544,342.689,27.836,1414147
-0.12,-0.18,-0.1,214.463,98.959,280.794,1414148
-0.32,-0.31,0.09,280.347,35.425,10.211,1414149
-0.11,-0.15,0.15,272.192,87.004,180.224,1414150
-0.44,0.15,-0.31,0.685,340.291,5.749,1414151
0.43,-0.48,-0.42,293.784,306.122,302.455,1414152
0.44,0.32,0.15,179.52,138.173,250.634,1414153
0.38,-0.16,0.13,115.802,239.238,279.066,1414154
0.35,-0.22,0.18,113.293,312.126,167.999,1414155
0.12,-0.23,0.32,100.591,188.331,224.086,1414156
0.24,-0.44,0.07,217.622,241.704,271.542,1414157
-0.13,-0.06,0.21,86.555,65.807,236.656,1414158
0.44,0.01,0.49,105.08,238.007,292.986,1414159
0.25,0.24,0.37,202.545,140.983,91.657,1414160
0.02,-0.13,0.01,27.401,86.014,27.426,1414161
0.01,0.38,-0.15,262.839,309.036,325.677,1414162
-0.41,0.43,-0.2,177.951,152.32,230.613,1414163
0.04,0.44,-0.24,300.664,235.636,248.665,1414164
-0.14,-0.17,-0.25,281.142,46.038,97.551,1414165
0.14,0.03,-0.11,25.461,203.587,68.72,1414166
-0.33,-0.41,-0.28,136.151,229.529,155.265,1414167
0.35,-0.47,0.31,183.041,128.499,12.535,1414168
-0.08,0.45,-0.42,215.546,261.626,188.116,1414169
0.2,0.39,-0.03,72.791,188.759,126.488,1414170
-0.12,-0.42,-0.47,224.368,108.809,348.047,1414171
0.01,-0.25,-0.32,344.975,11.433,295.021,1414172
-0.17,0.09,0.12,228.561,174.248,194.43,1414173
-0.21,-0.16,0.15,207.893,123.846,205.591,1414174
-0.08,0.34,-0.31,55.382,138.254,211.247,1414175
0.16,0.4,0.26,257.098,261.58,85.282,1414176
-0.05,0.21,0.41,209.777,264.55,137.895,1414177
-0.4,-0.1,0.48,296.591,168.405,351.45,1414178
0.12,0.21,-0.14,36.973,312.549,300.691,1414179
-0.48,-0.03,0.29,176.694,177.486,212.492,1414180
-0.0,0.44,-0.25,161.995,251.648,0.946,1414181
-0.48,0.18,0.08,265.999,165.814,264.398,1414182
0.32,0.26,-0.1,169.514,343.875,356.985,1414183
-0.13,-0.48,-0.1,101.087,122.173,73.326,1414184
0.01,-0.16,-0.5,36.464,250.659,255.048,1414185
-0.01,0.22,-0.2,249.766,17.738,41.198,1414186
0.46,0.49,-0.24,129.396,21.762,0.404,1414187
-0.45,-0.34,0.19,98.589,345.569,291.277,1414188
0.47,0.31,0.07,318.506,205.255,152.836,1414189
0.34,-0.1,0.42,206.69,102.985,3.503,1414190
0.08,0.33,0.21,231.821,233.821,293.371,1414191
-0.37,0.13,-0.29,170.945,257.524,300.718,1414192
0.01,0.02,0.4,98.422,121.86,256.33,1414193
-0.46,-0.3,-0.42,110.875,252.902,91.133,1414194
0.49,0.45,-0.44,62.964,266.12,13.102,1414195
0.36,-0.14,0.22,154.769,332.157,114.726,1414196
-0.48,0.42,-0.36,304.394,332.609,44.917,1414197
-0.32,-0.0,0.09,315.271,253.363,265.646,1414198
-0.33,-0.28,-0.46,60.361,342.296,176.516,1414199
0.32,-0.3,-0.11,158.158,134.166,85.978,1414200
-0.05,0.12,-0.34,356.754,26.385,312.209,1414201
-0.42,0.03,-0.47,204.258,9.641,301.693,1414202
0.32,0.28,0.39,25.626,124.954,306.19,1414203
0.33,-0.32,-0.18,153.854,176.337,121.019,1414204
-0.16,0.28,0.18,129.754,301.245,18.025,1414205
-0.34,-0.28,0.14,138.832,113.126,0.603,1414206
0.43,0.15,-0.36,314.685,51.658,358.798,1414207
0.35,0.17,0.09,345.08,104.714,323.12,1414208
-0.36,-0.12,-0.0,235.098,284.355,335.002,1414209
-0.06,-0.42,0.16,309.278,1.473,15.937,1414210
0.28,-0.17,0.32,299.728,42.144,21.66,1414211
0.39,0.13,-0.09,253.758,11.92,326.964,1414212
-0.16,0.49,-0.22,174.765,187.317,271.855,1414213
0.5,-0.36,-0.09,222.84,281.717,175.292,1414214
0.43,0.1,-0.38,190.576,348.226,201.333,1414215
-0.42,-0.46,-0.07,70.279,131.503,246.775,1414216
-0.11,-0.4,0.12,307.284,131.059,95.301,1414217
0.17,0.36,0.44,146.686,340.756,236.139,1414218
-0.11,0.41,-0.13,76.001,41.85,324.471,1414219
-0.26,0.07,-0.07,27.393,47.558,262.613,1414220
0.43,-0.14,0.02,273.523,354.966,29.996,1414221
0.44,0.45,-0.11,299.165,67.432,359.854,1414222
-0.33,-0.5,-0.4,82.605,192.966,220.356,1414223
-0.23,-0.23,0.37,289.48,260.895,265.69,1414224
0.37,-0.38,-0.35,251.232,43.823,81.906,1414225
0.32,0.18,-0.42,24.588,227.889,10.921,1414226
0.06,-0.29,0.39,4.125,331.46,110.252,1414227
0.03,0.1,-0.16,357.847,102.552,292.112,1414228
-0.2,-0.09,0.5,283.46,251.917,199.656,1414229
0.4,0.44,0.22,171.05,326.237,10.93,1414230
0.44,-0.5,0.22,57.487,356.231,317.967,1414231
-0.05,-0.05,-0.05,259.951,67.808,108.207,1414232
-0.08,0.01,0.39,157.972,19.732,318.446,1414233
0.25,-0.03,-0.3,104.594,15.46,284.889,1414234
0.12,-0.28,-0.04,219.356,179.945,109.292,1414235
-0.11,0.16,0.0,315.964,93.934,137.639,1414236
-0.17,0.11,-0.19,4.983,223.725,171.552,1414237
-0.19,-0.48,-0.39,94.911,287.798,248.422,1414238
0.17,-0.19,-0.05,170.302,242.513,164.281,1414239
-0.44,0.05,-0.27,279.52,195.613,356.913,1414240
0.27,0.01,-0.07,85.623,235.108,155.098,1414241
-0.18,-0.28,-0.26,62.868,136.005,246.064,1414242
-0.49,0.26,-0.05,60.152,154.629,311.028,1414243
0.2,0.03,-0.48,1.708,5.327,282.035,1414244
0.4,0.46,0.36,50.994,211.382,149.316,1414245
-0.24,0.31,0.38,354.277,2.721,183.434,1414246
0.25,0.35,-0.08,231.169,322.308,215.33,1414247
-0.12,0.3,-0.32,67.239,119.596,253.717,1414248
0.45,0.1,0.03,5.75,310.626,36.683,1414249
0.39,-0.49,-0.25,27.312,299.606,82.755,1414250
0.01,-0.13,-0.09,256.662,115.644,96.518,1414251
-0.45,0.03,-0.14,117.257,78.147,44.933,1414252
0.3,-0.19,-0.48,271.629,239.083,38.033,1414253
-0.42,-0.01,0.4,337.066,255.662,110.902,1414254
-0.27,0.12,0.12,173.569,66.725,172.019,1414255
0.38,0.12,0.21,203.687,134.756,28.502,1414256
0.39,0.43,-0.13,11.159,328.846,83.499,1414257
-0.08,0.07,0.28,352.435,17.385,212.267,1414258
0.24,-0.15,0.2,39.636,294.15,252.12,1414259
0.5,-0.21,-0.08,288.055,331.604,54.397,1414260
0.0,-0.13,0.1,84.041,113.466,57.854,1414261
0.36,0.4,-0.41,275.143,277.209,134.773,1414262
-0.26,-0.37,0.25,218.615,210.461,6.554,1414263
0.27,-0.39,-0.35,299.996,61.829,97.782,1414264
-0.17,-0.46,-0.33,182.274,18.485,66.444,1414265
0.23,0.12,-0.13,178.847,85.148,220.972,1414266
-0.01,0.04,0.29,244.215,15.684,332.606,1414267
0.13,-0.37,0.33,22.138,165.903,148.626,1414268
-0.12,-0.18,0.42,61.229,147.541,135.674,1414269
-0.1,-0.49,-0.46,9.099,264.436,288.947,1414270
-0.18,0.45,0.47,100.591,0.926,352.562,1414271
-0.43,0.47,-0.2,183.891,326.873,296.201,1414272
-0.22,-0.38,0.08,308.89,185.339,68.414,1414273
-0.19,0.06,0.29,347.953,255.649,289.441,1414274
0.36,-0.07,0.11,3.883,269.366,312.594,1414275
-0.43,0.01,0.49,145.006,107.401,144.51,1414276
0.01,0.29,-0.41,231.845,333.996,26.086,1414277
-0.36,0.29,-0.04,111.211,334.911,85.699,1414278
-0.12,-0.43,0.46,218.995,85.992,110.958,1414279
0.25,-0.35,-0.22,117.115,164.509,96.063,1414280
-0.36,-0.12,0.32,355.447,127.928,292.616,1414281
0.38,0.07,0.0,144.964,204.131,348.535,1414282
0.18,-0.26,-0.48,183.101,318.137,153.788,1414283
-0.14,-0.15,0.07,220.47,1.527,170.882,1414284
-0.18,0.08,0.02,76.679,144.54,6.971,1414285
0.4,0.31,-0.01,219.814,162.162,268.442,1414286
0.04,0.45,0.05,93.713,359.506,141.151,1414287
-0.04,0.22,-0.3,49.433,198.89,204.995,1414288
0.45,-0.34,0.11,30.476,347.3,174.836,1414289
0.05,-0.18,-0.0,222.92,78.6,208.34,1414290
0.14,-0.13,-0.16,349.656,84.966,286.19,1414291
0.47,0.38,0.09,21.982,180.373,162.826,1414292
0.23,-0.16,-0.46,32.553,289.398,129.56,1414293
0.12,-0.39,0.46,204.15,160.386,52.042,1414294
0.33,0.06,-0.19,194.47,189.27,335.909,1414295
-0.37,0.1,0.27,99.816,237.378,179.962,1414296
-0.29,0.16,-0.14,318.065,103.26,103.054,1414297
-0.47,-0.4,-0.27,276.686,31.998,65.56,1414298
0.2,0.38,0.44,307.669,111.452,47.525,1414299
0.04,0.05,-0.22,122.126,32.239,301.755,1414300
0.31,-0.12,0.0,275.203,357.343,211.861,1414301
0.25,-0.41,0.11,273.664,115.597,177.299,1414302
0.06,-0.26,0.03,215.425,249.029,8.367,1414303
-0.4,0.47,0.05,124.678,291.724,322.719,1414304
-0.33,0.07,0.12,120.507,174.422,176.805,1414305
-0.42,-0.33,0.18,37.126,267.286,211.483,1414306
0.22,0.07,-0.07,267.93,355.481,139.645,1414307
-0.48,0.13,-0.41,271.628,46.67,336.541,1414308
0.17,0.39,-0.19,201.917,206.766,24.362,1414309
0.19,-0.36,-0.4,110.88,214.091,343.191,1414310
-0.22,-0.11,0.09,0.635,270.826,162.715,1414311
0.22,0.24,0.13,179.45,114.596,246.54,1414312
0.49,-0.07,0.26,37.667,310.036,334.335,1414313
-0.48,0.12,0.33,185.306,70.872,262.009,1414314
-0.17,0.09,-0.38,1.352,30.487,111.759,1414315
-0.05,-0.4,-0.32,153.126,148.02,273.078,1414316
-0.21,0.03,0.17,281.955,288.479,200.474,1414317
-0.37,0.3,-0.41,297.575,126.268,154.094,1414318
0.06,0.33,-0.25,326.61,221.906,157.829,1414319
-0.41,-0.44,0.13,206.917,74.022,110.418,1414320
0.36,0.25,-0.1,129.207,90.547,49.852,1414321
0.34,0.27,-0.16,111.714,352.581,306.078,1414322
-0.18,0.02,-0.38,122.956,60.763,294.678,1414323
-0.3,-0.48,0.49,267.106,294.099,350.487,1414324
0.05,-0.13,-0.41,74.26,108.459,147.943,1414325
-0.27,-0.45,0.47,266.076,37.631,359.771,1414326
0.24,-0.0,-0.45,273.43,96.511,195.002,1414327
-0.07,0.29,-0.29,268.955,244.93,129.693,1414328
0.23,-0.24,-0.2,25.798,217.067,224.355,1414329
0.15,-0.41,0.07,329.133,23.559,312.361,1414330
-0.19,-0.35,0.26,97.242,267.405,28.801,1414331
-0.16,-0.36,-0.19,156.041,13.182,336.74,1414332
0.32,0.24,-0.48,208.669,35.26,331.905,1414333
-0.03,0.45,-0.03,31.344,130.367,345.106,1414334
0.19,-0.2,-0.07,142.969,72.271,136.455,1414335
0.37,0.07,-0.25,105.678,313.73,257.669,1414336
-0.49,-0.35,-0.21,288.129,213.394,83.364,1414337
-0.06,-0.39,-0.29,131.649,197.772,281.241,1414338
0.28,0.12,-0.03,86.732,357.493,234.772,1414339
-0.39,0.22,-0.42,60.719,232.009,246.514,1414340
-0.42,-0.17,-0.48,258.033,180.753,61.269,1414341
0.21,0.23,-0.42,94.47,70.844,195.914,1414342
0.33,-0.19,-0.24,59.156,211.938,165.66,1414343
0.11,0.47,-0.01,180.908,293.545,196.244,1414344
0.33,-0.48,0.23,312.475,319.366,8.913,1414345
0.42,0.19,-0.33,292.173,226.498,147.497,1414346
0.12,0.24,0.2,284.637,150.655,67.886,1414347
-0.45,-0.04,-0.36,2.858,331.11,59.311,1414348
-0.45,0.37,0.28,121.229,266.273,104.211,1414349
0.38,-0.29,0.07,290.956,251.237,92.056,1414350
-0.42,-0.28,-0.42,158.853,57.403,204.573,1414351
-0.28,-0.28,-0.15,304.553,112.363,326.448,1414352
-0.23,-0.24,-0.49,153.413,303.915,350.517,1414353
0.29,0.46,0.38,221.534,343.013,214.049,1414354
0.22,-0.48,-0.36,238.048,238.921,311.633,1414355
0.05,-0.03,0.1,330.783,306.357,95.153,1414356
-0.26,0.15,-0.43,237.406,194.124,119.024,1414357
0.43,0.08,-0.44,318.654,289.893,197.181,1414358
0.32,-0.08,-0.3,121.735,132.131,246.134,1414359
-0.16,0.06,-0.36,282.401,250.594,61.598,1414360
0.22,0.24,0.2,292.956,339.19,238.703,1414361
0.19,0.24,0.39,214.896,136.249,291.616,1414362
-0.14,0.07,-0.02,201.826,121.753,223.584,1414363
-0.39,-0.39,0.35,98.269,60.13,6.064,1414364
0.09,0.29,-0.35,20.859,32.255,242.552,1414365
-0.27,0.2,0.21,127.169,52.094,185.271,1414366
0.18,-0.4,0.41,305.15,11.642,260.335,1414367
0.27,-0.32,0.22,300.724,220.203,139.462,1414368
0.13,-0.18,-0.3,333.339,293.038,197.591,1414369
-0.25,-0.21,-0.32,70.611,197.574,82.377,1414370
0.08,-0.35,-0.33,346.714,338.987,178.036,1414371
0.02,-0.44,-0.09,192.531,17.249,197.032,1414372
0.45,0.12,0.46,55.877,166.909,16.006,1414373
0.15,-0.06,-0.45,349.829,14.144,126.198,1414374
-0.39,-0.17,0.17,75.403,52.56,7.011,1414375
0.34,0.05,-0.24,298.706,156.857,185.182,1414376
0.0,0.14,0.5,48.251,286.316,205.38,1414377
-0.31,0.29,-0.1,221.795,66.35,338.935,1414378
-0.23,-0.13,-0.09,328.781,5.646,348.579,1414379
0.21,0.5,-0.27,27.097,139.007,75.414,1414380
0.27,0.48,-0.4,45.544,53.87,163.171,1414381
0.04,0.02,0.32,37.204,111.25,59.779,1414382
0.26,0.15,0.32,246.745,255.21,65.889,1414383
-0.41,0.05,-0.1,310.404,122.472,41.979,1414384
0.28,-0.26,-0.2,207.7,282.822,354.207,1414385
0.26,-0.43,0.36,34.924,81.376,92.938,1414386
-0.26,-0.29,0.04,244.202,283.029,56.506,1414387
0.2,-0.13,0.33,234.91,312.133,79.106,1414388
0.38,-0.44,0.28,350.562,66.318,178.197,1414389
0.26,0.02,0.32,6.898,105.941,276.147,1414390
-0.28,-0.17,-0.12,6.8,71.193,167.012,1414391
0.29,0.43,-0.3,243.058,279.889,64.227,1414392
-0.15,-0.34,-0.28,57.812,120.372,287.368,1414393
-0.15,0.16,0.45,78.35,304.622,48.549,1414394
-0.48,0.29,-0.27,138.025,115.7,225.246,1414395
-0.43,0.0,-0.36,63.717,240.183,279.131,1414396
0.37,-0.04,-0.41,332.183,289.581,222.432,1414397
0.07,0.21,-0.2,97.93,20.735,57.457,1414398
-0.38,0.39,-0.27,304.313,12.217,138.866,1414399
-0.2,-0.48,0.03,145.898,21.843,307.664,1414400
-0.23,-0.35,-0.07,125.043,205.524,231.125,1414401
-0.24,-0.06,-0.25,218.725,276.266,248.155,1414402
0.48,0.01,-0.39,333.583,99.451,26.41,1414403
-0.36,0.12,-0.48,19.078,117.743,186.749,1414404
0.42,-0.06,-0.03,299.439,243.821,80.658,1414405
0.41,0.36,0.25,248.412,109.919,277.025,1414406
-0.28,-0.19,-0.06,293.838,345.026,197.484,1414407
-0.1,0.08,0.06,347.235,118.283,160.428,1414408
-0.07,0.5,0.4,74.465,213.717,26.494,1414409
0.18,-0.42,-0.01,354.133,27.964,222.031,1414410
-0.14,-0.27,0.06,127.747,339.083,201.995,1414411
0.06,-0.1,0.1,22.536,96.822,293.165,1414412
0.13,-0.39,0.13,234.503,262.631,325.985,1414413
-0.14,-0.44,-0.19,168.337,117.409,317.449,1414414
-0.24,-0.39,0.31,52.038,43.81,9.581,1414415
0.19,0.05,-0.16,79.115,7.858,127.724,1414416
-0.02,0.19,-0.06,71.227,192.032,316.618,1414417
0.1,0.36,0.41,169.412,247.991,260.405,1414418
0.12,-0.49,0.47,50.998,294.68,176.659,1414419
0.03,0.49,-0.17,62.133,232.492,161.93,1414420
-0.05,0.05,0.1,253.59,6.915,294.407,1414421
-0.3,0.3,-0.32,198.882,118.04,221.598,1414422
-0.36,0.06,0.5,188.822,30.599,279.291,1414423
-0.35,-0.11,0.17,336.478,4.916,63.416,1414424
-0.19,-0.28,0.47,245.786,320.853,201.955,1414425
-0.3,0.49,-0.36,106.015,264.41,285.565,1414426
-0.1,-0.26,0.03,106.67,219.702,337.654,1414427
-0.24,0.44,0.15,12.278,246.92,228.905,1414428
-0.49,-0.25,-0.06,352.955,153.889,115.361,1414429
0.3,0.13,0.16,65.566,80.458,227.372,1414430
-0.19,-0.01,-0.14,212.321,213.48,235.29,1414431
-0.14,-0.34,-0.31,5.244,219.131,198.262,1414432
-0.27,-0.46,0.23,120.276,28.664,153.159,1414433
-0.36,0.22,0.13,251.839,58.259,144.451,1414434
-0.35,-0.14,0.11,231.883,120.695,335.074,1414435
0.38,-0.43,-0.22,22.874,227.78,212.503,1414436
-0.25,0.47,-0.43,99.407,244.083,267.489,1414437
0.22,-0.36,0.15,43.094,196.647,57.833,1414438
-0.26,-0.43,0.39,246.984,290.543,244.247,1414439
-0.05,-0.27,-0.04,95.722,165.955,272.719,1414440
0.39,0.4,-0.17,270.162,64.585,34.045,1414441
0.32,0.34,-0.48,213.993,97.213,219.654,1414442
-0.32,-0.19,-0.37,185.005,197.086,296.025,1414443
-0.06,-0.49,0.16,254.372,12.606,21.212,1414444
0.01,-0.25,-0.09,263.698,19.313,322.16,1414445
-0.18,0.11,-0.44,90.712,92.38,307.162,1414446
0.24,0.4,0.02,30.377,185.994,58.548,1414447
-0.47,0.01,0.13,323.305,16.96,203.245,1414448
-0.41,0.19,-0.04,132.445,253.934,165.368,1414449
0.43,0.42,0.23,186.188,232.589,85.709,1414450
-0.1,0.35,0.45,344.733,71.347,221.822,1414451
-0.23,-0.49,0.27,226.812,268.371,73.726,1414452
0.24,-0.18,0.14,295.162,356.557,258.293,1414453
0.39,-0.07,0.43,338.405,156.063,53.435,1414454
-0.18,0.17,-0.16,2.658,276.708,221.549,1414455
-0.11,-0.14,-0.41,84.754,245.492,94.586,1414456
-0.46,0.46,0.31,292.56,193.577,255.473,1414457
0.34,0.5,-0.43,46.67,97.767,32.061,1414458
0.04,-0.39,0.23,164.83,200.226,271.0,1414459
-0.26,-0.48,-0.01,28.643,61.346,285.911,1414460
0.08,-0.41,0.06,324.326,205.111,195.503,1414461
-0.24,0.4,-0.32,191.799,122.924,171.558,1414462
0.14,-0.24,-0.17,39.122,197.794,244.747,1414463
0.01,0.2,-0.05,14.715,180.281,29.636,1414464
0.09,-0.16,-0.25,68.693,278.12,123.687,1414465
-0.24,0.36,0.11,323.741,126.146,290.467,1414466
-0.35,-0.18,-0.21,31.813,137.346,276.238,1414467
-0.01,-0.32,-0.36,243.835,65.673,321.444,1414468
0.41,-0.25,0.38,4.059,100.405,80.2,1414469
0.03,-0.41,-0.04,219.106,13.834,345.494,1414470
-0.37,-0.19,-0.1,113.735,19.494,224.029,1414471
0.11,-0.22,-0.22,237.679,162.986,265.37,1414472
-0.23,-0.4,0.06,40.457,333.809,117.674,1414473
0.06,-0.5,0.03,187.359,261.912,90.143,1414474
0.19,0.24,-0.1,3.491,109.41,108.457,1414475
0.03,-0.46,-0.14,214.935,238.236,54.78,1414476
0.39,0.2,0.07,286.394,20.252,244.659,1414477
0.38,-0.25,-0.21,354.862,88.879,305.42,1414478
0.05,-0.13,-0.32,141.721,3.744,110.228,1414479
-0.2,-0.17,0.35,22.977,299.077,303.169,1414480
-0.19,0.49,0.14,211.458,28.83,263.502,1414481
-0.48,-0.08,-0.48,70.951,285.472,40.543,1414482
-0.25,-0.47,-0.46,348.13,27.633,163.811,1414483
0.09,0.41,-0.43,97.287,177.469,240.858,1414484
-0.34,-0.32,-0.11,14.774,201.014,1.786,1414485
0.22,0.31,-0.19,40.783,197.944,203.566,1414486
-0.35,-0.25,0.07,75.957,355.731,284.734,1414487
0.12,-0.25,-0.37,26.601,334.952,300.072,1414488
0.07,0.45,-0.16,229.908,20.066,353.192,1414489
0.11,0.44,0.31,38.157,305.954,251.789,1414490
-0.35,-0.48,0.0,190.012,207.735,205.987,1414491
0.04,0.02,-0.37,45.573,53.117,293.657,1414492
-0.47,0.38,-0.25,105.852,49.264,329.555,1414493
0.28,-0.28,0.25,96.185,311.129,172.75,1414494
-0.47,0.08,0.15,115.039,184.88,315.597,1414495
0.28,0.5,-0.41,296.217,318.305,250.758,1414496
0.4,-0.18,-0.13,252.884,358.136,78.593,1414497
0.05,-0.19,-0.32,83.419,151.914,319.695,1414498
0.2,0.46,-0.22,89.125,251.084,283.471,1414499
0.22,-0.12,0.11,113.697,139.6,317.201,1414500
0.37,0.11,0.03,122.517,56.282,280.515,1414501
-0.04,0.31,0.43,298.825,224.914,132.195,1414502
0.03,-0.39,0.17,112.097,292.52,168.461,1414503
-0.05,-0.06,-0.37,62.905,47.604,64.447,1414504
-0.49,-0.17,0.24,345.81,102.311,114.066,1414505
0.28,-0.22,0.12,318.053,282.247,356.45,1414506
0.47,0.26,0.48,271.619,151.531,300.702,1414507
0.23,-0.18,-0.2,103.274,320.847,88.573,1414508
-0.4,0.29,-0.44,45.32,355.524,188.57,1414509
0.4,-0.2,-0.01,95.003,136.089,312.648,1414510
0.22,-0.01,0.14,78.295,172.012,191.034,1414511
-0.48,0.14,0.29,183.919,214.799,318.617,1414512
-0.28,0.49,0.31,41.192,267.296,60.734,1414513
-0.11,-0.15,-0.14,158.841,181.749,56.426,1414514
-0.22,-0.21,0.2,321.019,81.491,335.585,1414515
-0.1,0.04,0.41,158.437,134.917,212.435,1414516
-0.03,0.34,-0.42,188.931,70.568,272.172,1414517
0.45,-0.38,-0.24,161.38,169.566,127.768,1414518
0.22,0.47,-0.25,319.787,68.643,245.657,1414519
0.02,-0.35,0.05,298.979,152.368,142.033,1414520
-0.33,-0.37,0.38,231.528,244.605,68.612,1414521
-0.37,-0.39,-0.37,355.691,134.772,202.329,1414522
0.43,0.49,-0.23,74.613,278.189,261.551,1414523
0.47,-0.31,0.39,314.068,165.361,182.234,1414524
-0.42,0.25,-0.08,186.877,44.947,322.011,1414525
0.03,-0.07,0.31,319.276,26.9,81.511,1414526
-0.39,0.23,-0.29,93.275,255.333,198.45,1414527
-0.16,-0.42,-0.18,338.249,85.306,103.433,1414528
0.0,0.21,0.48,16.158,333.148,227.117,1414529
0.38,0.27,-0.07,252.378,251.122,194.036,1414530
-0.24,-0.16,-0.18,121.691,36.599,217.054,1414531
-0.38,-0.13,0.47,233.542,145.526,123.466,1414532
-0.38,-0.15,0.39,57.616,308.138,146.639,1414533
-0.0,0.2,-0.13,34.448,239.043,97.963,1414534
-0.46,0.37,-0.04,112.225,218.204,14.643,1414535
-0.3,0.17,0.49,353.849,96.668,307.323,1414536
0.27,-0.28,0.11,299.946,274.565,220.86,1414537
0.02,-0.24,0.12,305.512,311.978,277.635,1414538
-0.36,0.1,-0.38,267.757,135.911,329.599,1414539
-0.44,-0.44,0.17,122.817,66.477,47.564,1414540
0.42,-0.48,-0.31,356.721,182.451,80.17,1414541
0.19,-0.2,-0.14,76.056,88.651,90.115,1414542
0.42,0.48,0.47,28.807,303.839,271.4,1414543
-0.12,0.42,-0.48,247.64,345.636,53.697,1414544
-0.08,-0.48,0.49,64.091,324.624,303.75,1414545
0.19,0.35,0.15,35.668,228.757,353.4,1414546
-0.11,-0.0,-0.34,357.87,130.828,171.839,1414547
0.12,0.07,0.29,81.833,84.294,214.845,1414548
0.3,0.3,-0.19,158.936,180.392,106.865,1414549
-0.38,0.06,0.21,237.644,311.531,113.617,1414550
0.49,-0.39,-0.03,303.592,14.447,227.135,1414551
0.08,-0.39,-0.12,250.457,136.013,263.479,1414552
0.37,-0.23,-0.07,51.614,263.305,218.923,1414553
-0.22,-0.01,0.43,24.565,224.063,339.455,1414554
0.28,-0.35,0.38,235.156,145.747,315.955,1414555
0.36,0.25,0.11,129.588,246.312,41.181,1414556
-0.1,0.43,0.07,164.247,99.615,298.111,1414557
-0.45,0.15,-0.3,176.34,8.232,138.183,1414558
-0.5,0.37,0.15,120.436,81.877,93.705,1414559
-0.38,0.2,0.24,66.825,89.306,37.725,1414560
0.19,0.24,-0.34,61.046,356.86,251.539,1414561
0.46,0.13,0.22,259.478,82.105,177.884,1414562
0.45,-0.25,-0.11,306.187,205.405,192.275,1414563
-0.19,-0.48,-0.22,109.7,4.285,183.051,1414564
0.42,-0.42,-0.48,242.284,334.684,146.158,1414565
0.45,-0.01,-0.31,327.38,253.528,242.007,1414566
-0.4,0.28,-0.43,256.414,268.494,171.375,1414567
0.17,-0.19,0.21,274.665,224.616,107.871,1414568
0.34,0.19,-0.44,89.348,217.597,32.639,1414569
-0.48,0.02,0.02,88.285,219.18,283.114,1414570
-0.16,0.02,0.02,127.132,306.637,27.102,1414571
-0.12,-0.16,-0.27,73.265,2.756,46.905,1414572
0.35,-0.37,0.12,59.838,79.905,116.898,1414573
0.42,0.25,-0.24,54.13,99.903,124.333,1414574
-0.09,-0.18,-0.33,5.922,266.872,152.692,1414575
-0.31,0.26,-0.49,196.93,73.402,217.295,1414576
-0.11,0.1,0.23,144.251,26.312,238.893,1414577
-0.05,-0.33,0.46,220.242,13.37,314.198,1414578
-0.4,0.06,0.05,222.91,130.982,22.945,1414579
0.49,0.34,-0.49,33.058,295.858,180.181,1414580
0.27,0.06,-0.33,188.615,9.733,73.608,1414581
0.33,-0.01,-0.08,46.18,270.542,289.271,1414582
0.26,-0.32,-0.03,196.251,146.958,355.675,1414583
-0.12,-0.4,0.05,297.254,134.008,291.124,1414584
-0.21,-0.41,0.29,295.418,223.302,158.994,1414585
0.25,-0.49,0.26,165.803,343.427,90.2,1414586
-0.06,-0.24,-0.05,50.113,112.41,142.025,1414587
-0.09,0.27,-0.22,127.221,285.694,61.594,1414588
-0.41,-0.47,-0.11,243.35,171.124,298.587,1414589
-0.49,-0.25,0.0,178.955,169.966,322.437,1414590
0.26,0.01,-0.4,156.316,198.361,134.544,1414591
-0.35,-0.36,0.17,145.892,53.8,203.662,1414592
0.43,-0.38,0.18,127.429,201.997,20.767,1414593
0.41,0.23,-0.03,94.03,74.607,9.563,1414594
-0.26,-0.34,0.46,92.586,116.526,3.8,1414595
-0.37,0.09,-0.31,4.817,236.116,204.684,1414596
0.16,0.21,0.28,18.519,237.379,233.58,1414597
-0.09,-0.38,0.15,275.364,78.677,193.99,1414598
0.06,0.41,0.21,201.832,279.042,139.358,1414599
-0.4,-0.11,0.47,90.007,308.922,177.586,1414600
0.27,0.28,0.45,132.161,76.915,137.284,1414601
-0.11,-0.28,0.25,216.588,356.31,232.061,1414602
-0.41,-0.33,0.33,265.458,83.936,192.324,1414603
0.05,-0.42,-0.04,84.741,307.847,144.736,1414604
-0.34,0.16,-0.02,23.908,328.508,291.768,1414605
0.34,0.31,0.02,239.221,215.123,259.658,1414606
0.02,0.08,0.46,196.115,328.998,87.379,1414607
0.27,-0.4,0.22,192.891,47.27,269.721,1414608
0.13,0.25,0.35,318.513,48.045,28.118,1414609
-0.17,-0.31,0.27,103.016,4.265,63.372,1414610
0.4,0.44,-0.06,14.655,22.683,161.732,1414611
0.29,-0.04,-0.3,225.265,155.689,148.496,1414612
-0.37,0.22,-0.43,314.432,157.305,252.472,1414613
-0.05,0.06,0.37,234.398,164.135,209.046,1414614
0.44,-0.26,-0.1,206.745,182.935,344.407,1414615
-0.31,0.38,-0.17,24.757,13.703,317.621,1414616
0.24,-0.31,0.48,307.901,8.463,273.232,1414617
-0.3,-0.13,-0.12,0.709,83.751,303.207,1414618
-0.22,0.3,-0.44,128.896,268.555,339.738,1414619
0.42,0.17,-0.26,8.51,165.652,214.553,1414620
0.29,0.09,-0.46,157.306,289.225,206.092,1414621
0.48,0.01,0.07,49.444,267.414,63.65,1414622
0.12,-0.02,-0.22,210.814,75.408,276.558,1414623
0.05,0.07,0.07,306.383,170.02,62.658,1414624
-0.07,0.43,-0.17,208.164,323.342,286.523,1414625
0.37,-0.48,-0.36,118.584,260.891,149.22,1414626
0.11,-0.38,0.03,219.711,63.584,253.954,1414627
-0.39,0.16,-0.11,254.303,176.596,25.839,1414628
-0.31,-0.14,-0.07,188.373,335.338,245.257,1414629
-0.25,0.24,0.11,276.019,284.684,171.257,1414630
0.36,-0.28,0.06,70.909,97.299,74.287,1414631
0.29,-0.21,-0.43,87.015,116.062,339.236,1414632
0.04,0.3,-0.08,354.521,161.204,176.971,1414633
0.17,0.14,0.09,24.532,150.095,186.395,1414634
-0.21,0.3,-0.44,267.774,88.153,348.471,1414635
0.42,0.28,0.08,298.311,157.728,337.939,1414636
-0.4,0.03,-0.32,141.337,7.224,38.64,1414637
-0.39,-0.06,-0.06,83.766,102.879,129.192,1414638
-0.01,-0.13,-0.45,249.716,296.522,108.4,1414639
-0.09,-0.43,0.44,90.331,313.238,86.085,1414640
0.35,0.18,0.27,88.334,152.094,275.346,1414641
-0.42,0.48,-0.07,348.498,329.587,50.435,1414642
-0.21,0.19,0.17,100.498,215.582,211.95,1414643
-0.23,0.27,-0.45,323.926,67.917,322.12,1414644
-0.29,-0.45,0.0,37.076,222.11,3.867,1414645
-0.25,-0.2,0.1,246.894,265.502,267.293,1414646
-0.46,-0.12,0.42,150.059,28.772,185.224,1414647
-0.04,0.42,0.14,186.489,52.884,14.263,1414648
0.3,-0.49,-0.27,324.999,116.949,217.769,1414649
0.23,0.18,-0.14,303.383,307.991,52.199,1414650
-0.39,-0.05,0.21,346.516,182.935,235.215,1414651
0.31,-0.28,0.3,2.674,220.222,166.084,1414652
0.5,0.18,0.45,51.066,62.904,345.249,1414653
-0.49,-0.02,-0.38,61.135,150.553,65.23,1414654
0.16,-0.24,-0.33,51.023,222.797,216.006,1414655
0.39,-0.27,0.05,16.98,89.75,312.417,1414656
0.19,-0.2,0.35,155.646,73.429,71.761,1414657
-0.32,-0.28,0.13,2.518,79.851,201.519,1414658
-0.05,0.05,-0.4,40.604,276.62,307.256,1414659
-0.4,-0.09,-0.2,96.531,303.782,116.45,1414660
-0.33,-0.44,-0.24,326.616,212.947,261.007,1414661
-0.11,-0.05,0.44,304.687,67.565,164.427,1414662
-0.07,0.27,0.33,259.47,193.17,18.257,1414663
-0.36,0.43,0.45,25.216,245.493,119.407,1414664
0.49,0.16,-0.23,2.624,199.643,58.1,1414665
0.09,0.36,0.05,293.71,171.022,117.106,1414666
0.22,-0.5,-0.03,21.259,67.974,207.953,1414667
-0.49,0.38,0.35,116.613,133.499,164.256,1414668
0.5,0.08,-0.42,339.483,352.747,322.242,1414669
-0.42,0.33,-0.01,322.146,136.631,52.876,1414670
-0.47,-0.19,0.34,213.381,33.513,202.924,1414671
0.39,0.19,0.25,229.833,51.217,223.426,1414672
-0.27,0.43,0.49,105.703,73.896,143.964,1414673
-0.2,-0.46,0.19,45.936,197.845,132.622,1414674
-0.2,-0.09,0.39,223.704,105.75,177.802,1414675
0.02,0.23,0.25,56.798,30.198,47.063,1414676
0.36,-0.35,-0.18,102.571,263.1,144.601,1414677
0.36,-0.19,0.27,132.679,16.503,78.239,1414678
0.43,-0.16,0.04,148.66,194.608,13.588,1414679
0.14,-0.24,-0.45,351.77,260.553,315.849,1414680
-0.26,-0.22,-0.36,150.685,111.032,152.811,1414681
-0.06,0.23,-0.03,22.119,249.721,212.709,1414682
0.04,0.18,0.22,148.122,278.691,245.546,1414683
-0.15,-0.44,-0.5,325.293,148.993,242.539,1414684
-0.32,0.01,-0.43,274.006,292.3,253.364,1414685
0.45,-0.19,0.02,238.76,244.886,170.975,1414686
0.38,0.48,-0.02,121.055,99.986,347.934,1414687
0.09,-0.22,0.25,147.711,310.12,63.19,1414688
0.4,-0.43,0.21,223.948,130.504,33.58,1414689
-0.49,0.45,-0.22,121.813,57.359,346.59,1414690
-0.39,-0.4,-0.11,156.911,167.966,156.207,1414691
-0.11,-0.47,-0.02,208.216,31.299,179.304,1414692
-0.47,-0.3,-0.49,194.58,125.082,62.964,1414693
-0.02,0.24,-0.39,168.828,85.913,72.09,1414694
-0.43,0.12,0.16,304.848,154.14,15.691,1414695
0.31,-0.4,-0.05,157.101,253.409,100.47,1414696
-0.25,-0.25,0.29,45.792,104.229,13.789,1414697
-0.1,0.38,-0.1,242.849,320.14,266.684,1414698
0.15,-0.25,-0.03,44.035,334.288,75.545,1414699
-0.35,0.32,0.37,254.149,267.828,225.981,1414700
-0.16,0.19,0.31,340.105,261.094,320.439,1414701
-0.3,0.08,0.17,45.288,169.25,37.856,1414702
0.21,0.41,-0.28,253.34,158.314,296.144,1414703
-0.04,-0.41,0.42,177.32,22.021,94.752,1414704
-0.2,-0.36,-0.15,8.463,134.174,232.032,1414705
0.33,-0.21,0.08,292.696,323.73,246.652,1414706
-0.04,0.4,-0.46,236.612,257.892,210.636,1414707
-0.24,-0.13,0.24,125.292,2.71,129.297,1414708
-0.31,-0.15,-0.19,265.709,11.365,326.975,1414709
0.44,-0.25,-0.18,120.451,126.489,2.102,1414710
-0.26,-0.33,0.05,111.336,303.62,66.396,1414711
-0.32,-0.11,0.42,62.453,170.486,315.265,1414712
-0.41,0.46,-0.49,120.21,254.173,2.391,1414713
-0.4,0.24,0.0,225.46,283.705,69.168,1414714
-0.25,0.27,-0.08,52.05,248.907,127.888,1414715
-0.45,0.26,-0.17,100.882,193.058,123.359,1414716
0.4,-0.33,-0.18,194.583,58.881,22.317,1414717
0.15,0.26,0.28,243.264,275.393,325.556,1414718
-0.3,-0.21,-0.06,288.208,261.518,270.069,1414719
0.02,-0.07,-0.39,210.198,250.467,151.38,1414720
-0.04,0.3,-0.37,137.524,13.665,276.134,1414721
0.44,0.44,-0.31,211.96,244.489,147.311,1414722
-0.36,-0.06,0.31,354.23,257.845,86.095,1414723
0.18,-0.0,0.19,75.639,40.022,90.475,1414724
-0.27,0.23,-0.11,293.376,80.85,237.131,1414725
-0.33,0.4,-0.08,172.587,240.784,307.35,1414726
-0.35,-0.21,0.01,170.138,230.673,318.26,1414727
0.04,-0.26,0.37,305.48,292.546,34.674,1414728
0.07,-0.25,-0.24,84.698,182.715,346.756,1414729
0.01,0.39,0.41,22.608,312.127,255.668,1414730
-0.44,0.2,-0.36,230.554,71.391,289.191,1414731
-0.2,-0.33,0.09,170.76,346.722,258.559,1414732
-0.4,0.18,0.34,62.434,128.49,350.883,1414733
0.29,0.3,-0.16,206.28,132.821,92.301,1414734
-0.11,-0.31,0.08,260.978,267.849,280.441,1414735
-0.27,-0.14,-0.4,203.778,85.549,33.184,1414736
-0.44,0.38,0.03,107.269,186.056,266.223,1414737
-0.13,0.47,-0.37,30.404,274.213,59.972,1414738
0.05,-0.31,0.42,95.479,15.29,44.199,1414739
0.45,0.33,-0.18,100.538,71.421,261.695,1414740
0.5,-0.24,0.17,126.273,63.996,292.838,1414741
-0.36,0.44,-0.25,149.819,154.431,59.808,1414742
0.35,0.44,-0.11,33.56,34.788,18.933,1414743
0.07,0.01,0.07,332.459,354.163,73.935,1414744
0.16,-0.18,-0.44,285.898,239.562,183.831,1414745
-0.43,0.46,0.07,301.05,8.047,225.729,1414746
-0.18,0.35,-0.03,299.21,173.904,288.38,1414747
-0.15,-0.35,-0.28,218.343,68.402,326.084,1414748
-0.18,-0.48,-0.18,289.307,72.121,156.968,1414749
0.41,-0.12,-0.36,326.451,288.567,88.896,1414750
-0.03,-0.43,0.01,28.472,253.451,276.662,1414751
-0.27,-0.16,-0.2,179.878,83.786,331.388,1414752
-0.25,0.37,-0.42,302.766,192.412,94.622,1414753
-0.33,0.05,0.21,22.351,48.929,280.313,1414754
0.5,-0.18,0.17,19.608,127.7,288.303,1414755
-0.3,0.04,-0.05,123.952,350.729,149.233,1414756
-0.18,0.3,0.16,27.181,152.977,118.012,1414757
-0.21,0.3,0.15,235.2,91.055,305.544,1414758
-0.22,0.34,0.26,253.829,260.57,284.671,1414759
0.42,0.22,0.38,116.167,121.599,300.162,1414760
-0.23,-0.43,0.32,279.706,146.237,165.853,1414761
0.12,-0.25,-0.03,40.679,44.362,279.708,1414762
0.12,-0.48,0.27,250.687,157.058,142.902,1414763
0.43,-0.0,-0.26,283.472,278.256,13.441,1414764
0.25,-0.16,-0.22,171.54,295.005,296.235,1414765
0.06,0.13,0.39,354.624,201.047,306.483,1414766
0.17,-0.47,0.22,347.015,3.319,359.726,1414767
-0.04,0.37,-0.4,39.242,164.944,330.611,1414768
-0.0,-0.48,0.08,42.658,200.725,273.696,1414769
-0.46,0.39,0.19,64.753,345.562,241.536,1414770
0.32,0.16,0.32,114.395,126.647,43.05,1414771
0.05,-0.07,0.21,237.978,339.741,221.605,1414772
-0.28,0.23,0.04,44.334,179.726,246.271,1414773
-0.23,0.43,0.15,353.194,290.177,294.871,1414774
-0.34,0.24,-0.27,200.838,354.133,180.554,1414775
0.29,0.36,0.46,251.93,189.661,340.426,1414776
0.41,0.4,-0.44,279.987,22.504,297.417,1414777
-0.1,0.1,-0.49,53.986,151.33,10.398,1414778
-0.08,0.07,0.07,82.82,96.875,240.381,1414779
0.19,-0.25,-0.31,235.74,339.661,190.555,1414780
-0.07,0.36,0.42,92.276,117.942,143.919,1414781
0.28,-0.05,0.36,65.552,58.46,266.206,1414782
-0.47,0.09,0.17,269.261,310.087,186.131,1414783
-0.45,-0.28,-0.06,126.877,32.469,253.738,1414784
-0.22,-0.37,-0.32,216.783,132.721,38.805,1414785
0.39,-0.33,0.49,185.715,8.818,264.284,1414786
0.04,0.19,-0.2,322.585,119.353,224.956,1414787
-0.49,0.4,0.31,350.357,257.962,116.731,1414788
0.13,-0.34,-0.21,233.61,282.046,335.823,1414789
-0.18,0.22,0.09,127.801,322.606,112.542,1414790
-0.16,0.22,-0.32,49.626,226.22,122.756,1414791
0.21,0.06,0.43,237.055,220.552,213.289,1414792
0.41,-0.25,-0.32,128.916,170.197,28.55,1414793
-0.48,-0.12,-0.43,169.098,37.85,181.603,1414794
-0.4,0.15,0.4,204.634,193.425,286.058,1414795
0.43,-0.38,-0.01,13.845,291.922,235.689,1414796
0.18,0.16,-0.19,206.307,335.853,127.686,1414797
-0.29,0.5,-0.41,257.051,5.515,206.231,1414798
0.03,0.07,0.41,93.379,287.776,351.185,1414799
0.3,-0.07,0.19,186.757,344.583,159.214,1414800
-0.09,-0.42,0.04,275.255,286.579,118.467,1414801
-0.17,0.46,-0.44,258.626,82.21,153.851,1414802
0.11,0.35,-0.45,344.705,40.849,217.175,1414803
-0.02,-0.47,-0.46,183.495,128.886,321.018,1414804
0.26,0.48,-0.02,132.103,347.359,0.093,1414805
0.33,-0.16,0.33,161.351,223.576,24.38,1414806
-0.32,0.05,-0.31,357.265,30.482,275.246,1414807
-0.05,-0.48,0.16,11.494,161.014,177.398,1414808
-0.38,-0.04,0.13,277.91,84.735,49.623,1414809
-0.28,-0.04,-0.16,339.338,33.545,112.621,1414810
-0.25,0.3,-0.36,31.49,268.266,355.035,1414811
-0.19,-0.08,-0.38,218.412,279.875,345.729,1414812
-0.26,0.26,0.42,340.697,192.15,195.895,1414813
-0.11,-0.34,0.47,61.6,103.543,210.159,1414814
-0.4,-0.15,0.03,158.951,120.954,94.709,1414815
0.46,0.28,-0.04,21.986,84.567,226.192,1414816
-0.22,-0.02,-0.4,145.823,317.143,336.294,1414817
-0.21,-0.4,0.06,322.261,113.027,35.771,1414818
0.27,0.05,0.28,44.084,350.547,225.867,1414819
0.31,0.17,-0.45,341.938,303.948,292.498,1414820
-0.28,0.07,0.13,44.744,41.136,177.332,1414821
0.43,0.08,-0.41,98.027,109.02,56.817,1414822
-0.13,-0.02,-0.34,115.708,202.93,124.449,1414823
-0.11,-0.02,-0.08,201.511,94.944,305.694,1414824
-0.27,0.06,-0.19,34.831,127.593,62.645,1414825
0.47,-0.47,0.48,326.94,182.565,204.95,1414826
0.22,0.42,-0.14,16.922,122.038,85.868,1414827
0.33,0.26,-0.47,144.352,232.917,301.638,1414828
0.11,-0.17,0.27,92.33,16.72,103.975,1414829
-0.04,-0.37,-0.45,288.485,242.206,123.587,1414830
-0.48,-0.12,0.24,72.144,248.131,203.375,1414831
0.41,-0.23,0.25,42.028,41.971,237.265,1414832
0.06,-0.0,0.02,42.389,250.16,155.388,1414833
-0.19,-0.22,0.05,342.62,177.344,161.555,1414834
0.12,-0.32,-0.42,81.113,25.619,55.98,1414835
-0.06,-0.11,0.04,87.398,267.018,329.808,1414836
-0.31,-0.41,0.12,40.115,302.868,81.128,1414837
0.12,0.08,0.3,94.97,219.092,132.226,1414838
-0.42,0.22,0.15,304.565,302.331,135.415,1414839
-0.16,0.34,-0.18,287.245,278.732,65.02,1414840
-0.33,-0.33,0.45,112.037,175.518,108.429,1414841
0.34,-0.34,-0.17,164.671,35.057,229.556,1414842
0.2,-0.37,0.31,263.138,313.972,60.657,1414843
0.05,0.06,-0.05,268.308,236.415,26.591,1414844
-0.3,-0.44,-0.24,67.98,142.014,62.471,1414845
-0.24,0.47,0.36,299.735,308.308,84.586,1414846
0.04,-0.07,0.4,127.877,127.722,15.453,1414847
0.17,0.15,-0.28,294.448,309.707,266.428,1414848
-0.2,-0.42,0.02,128.242,272.313,137.641,1414849
0.03,0.07,-0.39,192.284,263.632,91.873,1414850
-0.03,-0.1,-0.2,330.075,274.001,88.515,1414851
0.12,-0.38,0.07,72.972,129.661,275.288,1414852
0.25,-0.06,-0.37,65.434,323.657,65.658,1414853
-0.18,0.48,-0.36,316.02,301.361,313.227,1414854
0.17,0.3,-0.34,27.018,351.419,30.969,1414855
0.25,0.32,-0.26,119.607,13.996,248.361,1414856
0.18,0.19,-0.37,219.406,312.379,233.018,1414857
-0.18,-0.47,-0.03,354.888,140.855,211.156,1414858
-0.33,-0.46,-0.07,105.668,10.569,171.524,1414859
0.16,0.45,0.0,312.458,259.366,276.768,1414860
-0.29,-0.43,-0.19,64.867,81.505,274.733,1414861
-0.41,-0.26,0.21,357.854,166.455,93.869,1414862
-0.28,-0.46,0.41,312.722,276.144,76.172,1414863
0.09,0.04,0.49,277.713,303.34,175.313,1414864
-0.46,0.46,-0.14,287.281,126.833,284.155,1414865
-0.32,0.1,0.25,351.191,179.672,296.002,1414866
-0.13,-0.03,0.48,358.204,224.158,29.89,1414867
-0.19,-0.31,-0.47,40.921,359.454,250.894,1414868
-0.22,-0.07,0.3,118.577,157.22,185.039,1414869
-0.3,0.44,-0.07,213.47,189.865,160.301,1414870
-0.15,0.32,-0.16,177.317,68.69,299.653,1414871
0.46,0.15,0.19,246.877,320.033,21.819,1414872
0.41,0.38,0.36,155.597,121.541,163.525,1414873
-0.44,0.44,-0.34,5.63,251.975,279.02,1414874
-0.11,-0.33,0.46,190.137,336.597,1.865,1414875
0.22,0.01,0.37,80.81,104.591,142.881,1414876
-0.03,-0.49,0.41,205.046,208.635,315.505,1414877
0.23,-0.46,-0.42,120.405,172.06,341.051,1414878
-0.29,-0.11,-0.29,315.813,270.577,203.194,1414879
-0.07,0.09,-0.15,187.67,347.912,83.328,1414880
-0.14,0.22,0.2,114.39,235.856,339.599,1414881
0.32,0.41,-0.05,87.418,9.741,56.507,1414882
-0.31,0.06,-0.36,185.548,329.385,51.007,1414883
-0.22,0.07,-0.34,72.202,182.925,72.346,1414884
0.46,0.36,-0.29,196.855,154.55,154.916,1414885
-0.16,0.41,0.33,71.994,193.041,167.649,1414886
-0.21,-0.38,0.43,50.804,304.546,150.478,1414887
0.26,-0.08,-0.38,69.141,320.452,272.081,1414888
-0.1,0.41,0.26,252.905,321.025,0.396,1414889
0.07,0.11,0.27,86.956,15.689,184.811,1414890
-0.36,0.37,-0.08,340.891,94.269,28.671,1414891
-0.28,-0.18,-0.42,56.063,284.553,229.076,1414892
0.19,0.2,0.5,30.734,130.441,71.767,1414893
-0.33,-0.32,-0.12,25.263,6.791,202.478,1414894
0.17,-0.25,-0.19,19.457,292.165,194.41,1414895
0.13,0.03,-0.17,64.998,238.698,97.507,1414896
-0.2,-0.17,-0.13,344.811,53.47,26.565,1414897
0.06,0.2,0.22,291.557,4.842,309.37,1414898
-0.23,-0.4,0.29,61.27,126.945,329.335,1414899
0.25,-0.43,0.1,122.106,206.125,356.34,1414900
0.31,-0.19,-0.06,14.004,87.283,114.049,1414901
-0.15,0.26,0.1,160.825,145.464,214.703,1414902
-0.41,-0.33,0.38,44.25,123.574,132.564,1414903
0.18,-0.02,0.1,288.211,96.916,124.378,1414904
0.37,-0.03,-0.13,206.165,91.129,270.533,1414905
0.04,0.4,-0.1,60.139,354.738,290.129,1414906
0.21,-0.37,0.31,291.125,221.727,65.973,1414907
0.2,0.07,-0.45,260.66,160.047,168.855,1414908
0.15,0.44,0.35,330.636,341.137,109.238,1414909
0.34,0.13,-0.41,333.859,322.527,84.52,1414910
0.1,0.34,-0.18,220.055,128.067,41.462,1414911
0.29,-0.03,0.18,102.733,212.271,121.071,1414912
0.22,-0.18,0.2,207.008,150.596,234.193,1414913
0.37,0.06,0.14,23.645,334.95,252.95,1414914
-0.39,0.01,-0.17,20.185,347.215,94.458,1414915
-0.02,0.22,0.01,326.081,257.968,72.258,1414916
0.18,-0.05,-0.25,318.364,40.475,310.535,1414917
-0.18,0.48,0.1,18.375,91.39,359.524,1414918
-0.14,-0.47,0.36,8.904,121.071,307.628,1414919
-0.45,-0.21,0.12,345.027,157.473,173.447,1414920
0.07,0.26,0.42,15.852,317.249,186.291,1414921
0.41,0.1,-0.24,298.471,54.817,71.778,1414922
0.06,-0.06,0.13,271.471,186.202,301.031,1414923
-0.4,0.39,-0.02,75.177,55.298,19.527,1414924
0.26,0.19,0.01,60.994,14.684,287.986,1414925
-0.28,0.18,-0.17,203.068,314.064,355.456,1414926
0.46,0.13,-0.17,278.485,26.737,303.995,1414927
0.35,0.41,-0.47,133.835,222.355,30.37,1414928
0.48,-0.27,-0.1,202.122,212.48,299.443,1414929
-0.37,0.49,0.19,50.638,3.424,175.099,1414930
0.47,-0.23,0.36,61.399,349.143,129.492,1414931
0.11,0.21,0.1,71.6,281.363,47.454,1414932
0.29,-0.29,-0.36,198.165,132.854,152.849,1414933
0.31,-0.37,-0.37,107.947,110.827,238.302,1414934
-0.11,-0.24,0.05,93.653,233.479,160.183,1414935
-0.32,0.24,0.21,6.094,164.337,249.776,1414936
-0.2,-0.38,-0.43,118.15,294.57,311.961,1414937
-0.26,0.01,0.47,174.491,77.225,108.738,1414938
0.27,0.4,-0.47,200.914,203.44,15.234,1414939
0.28,-0.48,0.33,256.888,284.001,64.935,1414940
-0.29,0.39,0.3,293.532,165.27,89.447,1414941
-0.14,0.17,-0.31,40.41,221.811,43.337,1414942
-0.03,0.29,0.35,105.784,60.703,2.929,1414943
-0.17,0.09,0.23,333.825,245.647,88.301,1414944
0.27,-0.39,-0.32,74.19,316.176,15.548,1414945
-0.06,-0.09,-0.02,338.81,270.325,312.456,1414946
-0.1,0.32,-0.11,271.182,181.645,127.968,1414947
0.46,0.49,-0.2,159.642,183.906,61.38,1414948
0.01,0.46,0.12,273.644,326.641,161.22,1414949
0.46,0.39,0.34,157.654,228.397,301.123,1414950
-0.1,0.32,0.35,191.101,130.872,8.05,1414951
0.3,0.28,-0.5,87.959,93.792,325.755,1414952
-0.37,0.02,-0.01,139.617,224.887,169.968,1414953
-0.03,-0.28,-0.39,63.984,352.08,116.013,1414954
0.3,-0.27,-0.21,296.334,36.574,231.8,1414955
-0.09,0.45,0.2,277.496,125.208,134.978,1414956
-0.35,-0.11,0.42,100.242,39.472,149.61,1414957
0.31,-0.39,0.18,77.418,34.961,127.463,1414958
-0.46,-0.16,-0.22,285.207,11.979,59.289,1414959
0.45,-0.31,-0.3,294.6,217.665,10.857,1414960
-0.26,-0.18,-0.5,1.125,209.221,213.05,1414961
-0.44,-0.27,-0.41,168.425,339.072,89.21,1414962
0.18,-0.26,-0.32,110.002,353.584,246.436,1414963
0.01,0.16,-0.3,215.041,8.079,199.193,1414964
-0.06,-0.04,-0.25,40.466,28.419,44.131,1414965
-0.45,0.26,0.46,327.686,140.733,200.117,1414966
-0.02,-0.15,0.41,90.278,220.08,276.414,1414967
0.25,0.4,-0.08,12.048,232.402,203.964,1414968
-0.03,0.4,-0.02,41.319,134.222,214.965,1414969
-0.34,-0.06,-0.03,198.328,149.149,152.106,1414970
0.21,-0.18,-0.07,175.78,106.143,154.65,1414971
0.41,0.34,0.09,259.625,171.225,317.463,1414972
0.11,0.28,-0.22,224.898,193.13,33.863,1414973
-0.3,0.23,0.04,345.578,132.124,132.88,1414974
-0.31,0.35,-0.12,135.541,142.419,136.767,1414975
-0.47,-0.21,0.36,194.071,44.055,219.344,1414976
0.42,-0.05,-0.17,35.422,233.432,206.664,1414977
0.27,0.06,0.3,145.658,359.348,46.575,1414978
0.07,-0.04,0.32,355.126,65.329,18.271,1414979
-0.13,0.07,0.28,243.925,38.208,344.671,1414980
0.43,-0.36,0.12,205.833,131.94,186.528,1414981
0.05,0.03,0.18,81.358,164.957,18.634,1414982
-0.46,-0.23,-0.38,26.848,10.987,339.093,1414983
0.19,-0.48,0.05,318.016,194.597,163.854,1414984
0.13,0.46,-0.33,202.771,354.402,161.244,1414985
-0.07,-0.29,0.3,171.147,231.696,163.089,1414986
-0.09,0.25,-0.09,36.205,225.508,221.275,1414987
0.01,-0.12,0.36,79.971,88.78,170.438,1414988
-0.47,0.41,0.25,287.229,36.31,77.598,1414989
0.33,-0.2,0.19,257.985,332.788,337.154,1414990
0.44,-0.13,-0.48,326.178,129.99,88.399,1414991
-0.24,0.04,0.46,23.481,351.279,352.179,1414992
0.24,0.22,0.43,337.914,6.267,241.708,1414993
-0.1,0.5,-0.4,138.436,72.285,192.098,1414994
-0.49,0.12,-0.03,232.425,27.05,249.41,1414995
0.05,-0.47,0.39,87.537,123.118,105.899,1414996
0.09,0.21,-0.18,330.001,350.826,97.972,1414997
-0.44,0.08,-0.07,286.046,83.508,154.599,1414998
0.21,0.3,0.27,66.062,196.101,43.335,1414999
